1027 2050
1 1.000000e-001 1.000000e-001 5.000000e-003
2 1.000000e-001 -1.000000e-001 5.000000e-003
3 -1.000000e-001 1.000000e-001 5.000000e-003
4 -1.000000e-001 -1.000000e-001 5.000000e-003
5 1.000000e-001 1.000000e-001 -5.000000e-003
6 1.000000e-001 -1.000000e-001 -5.000000e-003
7 -1.000000e-001 1.000000e-001 -5.000000e-003
8 -1.000000e-001 -1.000000e-001 -5.000000e-003
9 -1.000000e-001 -9.000000e-002 5.000000e-003
10 -1.000000e-001 -8.000000e-002 5.000000e-003
11 -1.000000e-001 -7.000000e-002 5.000000e-003
12 -1.000000e-001 -6.000000e-002 5.000000e-003
13 -1.000000e-001 -5.000000e-002 5.000000e-003
14 -1.000000e-001 -4.000000e-002 5.000000e-003
15 -1.000000e-001 -3.000000e-002 5.000000e-003
16 -1.000000e-001 -2.000000e-002 5.000000e-003
17 -1.000000e-001 -1.000000e-002 5.000000e-003
18 -1.000000e-001 -3.469447e-016 5.000000e-003
19 -1.000000e-001 1.000000e-002 5.000000e-003
20 -1.000000e-001 2.000000e-002 5.000000e-003
21 -1.000000e-001 3.000000e-002 5.000000e-003
22 -1.000000e-001 4.000000e-002 5.000000e-003
23 -1.000000e-001 5.000000e-002 5.000000e-003
24 -1.000000e-001 6.000000e-002 5.000000e-003
25 -1.000000e-001 7.000000e-002 5.000000e-003
26 -1.000000e-001 8.000000e-002 5.000000e-003
27 -1.000000e-001 9.000000e-002 5.000000e-003
28 -9.000000e-002 -1.000000e-001 5.000000e-003
29 -8.000000e-002 -1.000000e-001 5.000000e-003
30 -7.000000e-002 -1.000000e-001 5.000000e-003
31 -6.000000e-002 -1.000000e-001 5.000000e-003
32 -5.000000e-002 -1.000000e-001 5.000000e-003
33 -4.000000e-002 -1.000000e-001 5.000000e-003
34 -3.000000e-002 -1.000000e-001 5.000000e-003
35 -2.000000e-002 -1.000000e-001 5.000000e-003
36 -1.000000e-002 -1.000000e-001 5.000000e-003
37 -3.469447e-016 -1.000000e-001 5.000000e-003
38 1.000000e-002 -1.000000e-001 5.000000e-003
39 2.000000e-002 -1.000000e-001 5.000000e-003
40 3.000000e-002 -1.000000e-001 5.000000e-003
41 4.000000e-002 -1.000000e-001 5.000000e-003
42 5.000000e-002 -1.000000e-001 5.000000e-003
43 6.000000e-002 -1.000000e-001 5.000000e-003
44 7.000000e-002 -1.000000e-001 5.000000e-003
45 8.000000e-002 -1.000000e-001 5.000000e-003
46 9.000000e-002 -1.000000e-001 5.000000e-003
47 1.000000e-001 -9.000000e-002 5.000000e-003
48 1.000000e-001 -8.000000e-002 5.000000e-003
49 1.000000e-001 -7.000000e-002 5.000000e-003
50 1.000000e-001 -6.000000e-002 5.000000e-003
51 1.000000e-001 -5.000000e-002 5.000000e-003
52 1.000000e-001 -4.000000e-002 5.000000e-003
53 1.000000e-001 -3.000000e-002 5.000000e-003
54 1.000000e-001 -2.000000e-002 5.000000e-003
55 1.000000e-001 -1.000000e-002 5.000000e-003
56 1.000000e-001 -3.469447e-016 5.000000e-003
57 1.000000e-001 1.000000e-002 5.000000e-003
58 1.000000e-001 2.000000e-002 5.000000e-003
59 1.000000e-001 3.000000e-002 5.000000e-003
60 1.000000e-001 4.000000e-002 5.000000e-003
61 1.000000e-001 5.000000e-002 5.000000e-003
62 1.000000e-001 6.000000e-002 5.000000e-003
63 1.000000e-001 7.000000e-002 5.000000e-003
64 1.000000e-001 8.000000e-002 5.000000e-003
65 1.000000e-001 9.000000e-002 5.000000e-003
66 -9.000000e-002 1.000000e-001 5.000000e-003
67 -8.000000e-002 1.000000e-001 5.000000e-003
68 -7.000000e-002 1.000000e-001 5.000000e-003
69 -6.000000e-002 1.000000e-001 5.000000e-003
70 -5.000000e-002 1.000000e-001 5.000000e-003
71 -4.000000e-002 1.000000e-001 5.000000e-003
72 -3.000000e-002 1.000000e-001 5.000000e-003
73 -2.000000e-002 1.000000e-001 5.000000e-003
74 -1.000000e-002 1.000000e-001 5.000000e-003
75 -3.469447e-016 1.000000e-001 5.000000e-003
76 1.000000e-002 1.000000e-001 5.000000e-003
77 2.000000e-002 1.000000e-001 5.000000e-003
78 3.000000e-002 1.000000e-001 5.000000e-003
79 4.000000e-002 1.000000e-001 5.000000e-003
80 5.000000e-002 1.000000e-001 5.000000e-003
81 6.000000e-002 1.000000e-001 5.000000e-003
82 7.000000e-002 1.000000e-001 5.000000e-003
83 8.000000e-002 1.000000e-001 5.000000e-003
84 9.000000e-002 1.000000e-001 5.000000e-003
85 -1.000000e-001 -9.000000e-002 -5.000000e-003
86 -1.000000e-001 -8.000000e-002 -5.000000e-003
87 -1.000000e-001 -7.000000e-002 -5.000000e-003
88 -1.000000e-001 -6.000000e-002 -5.000000e-003
89 -1.000000e-001 -5.000000e-002 -5.000000e-003
90 -1.000000e-001 -4.000000e-002 -5.000000e-003
91 -1.000000e-001 -3.000000e-002 -5.000000e-003
92 -1.000000e-001 -2.000000e-002 -5.000000e-003
93 -1.000000e-001 -1.000000e-002 -5.000000e-003
94 -1.000000e-001 -3.469447e-016 -5.000000e-003
95 -1.000000e-001 1.000000e-002 -5.000000e-003
96 -1.000000e-001 2.000000e-002 -5.000000e-003
97 -1.000000e-001 3.000000e-002 -5.000000e-003
98 -1.000000e-001 4.000000e-002 -5.000000e-003
99 -1.000000e-001 5.000000e-002 -5.000000e-003
100 -1.000000e-001 6.000000e-002 -5.000000e-003
101 -1.000000e-001 7.000000e-002 -5.000000e-003
102 -1.000000e-001 8.000000e-002 -5.000000e-003
103 -1.000000e-001 9.000000e-002 -5.000000e-003
104 -9.000000e-002 -1.000000e-001 -5.000000e-003
105 -8.000000e-002 -1.000000e-001 -5.000000e-003
106 -7.000000e-002 -1.000000e-001 -5.000000e-003
107 -6.000000e-002 -1.000000e-001 -5.000000e-003
108 -5.000000e-002 -1.000000e-001 -5.000000e-003
109 -4.000000e-002 -1.000000e-001 -5.000000e-003
110 -3.000000e-002 -1.000000e-001 -5.000000e-003
111 -2.000000e-002 -1.000000e-001 -5.000000e-003
112 -1.000000e-002 -1.000000e-001 -5.000000e-003
113 -3.469447e-016 -1.000000e-001 -5.000000e-003
114 1.000000e-002 -1.000000e-001 -5.000000e-003
115 2.000000e-002 -1.000000e-001 -5.000000e-003
116 3.000000e-002 -1.000000e-001 -5.000000e-003
117 4.000000e-002 -1.000000e-001 -5.000000e-003
118 5.000000e-002 -1.000000e-001 -5.000000e-003
119 6.000000e-002 -1.000000e-001 -5.000000e-003
120 7.000000e-002 -1.000000e-001 -5.000000e-003
121 8.000000e-002 -1.000000e-001 -5.000000e-003
122 9.000000e-002 -1.000000e-001 -5.000000e-003
123 1.000000e-001 -9.000000e-002 -5.000000e-003
124 1.000000e-001 -8.000000e-002 -5.000000e-003
125 1.000000e-001 -7.000000e-002 -5.000000e-003
126 1.000000e-001 -6.000000e-002 -5.000000e-003
127 1.000000e-001 -5.000000e-002 -5.000000e-003
128 1.000000e-001 -4.000000e-002 -5.000000e-003
129 1.000000e-001 -3.000000e-002 -5.000000e-003
130 1.000000e-001 -2.000000e-002 -5.000000e-003
131 1.000000e-001 -1.000000e-002 -5.000000e-003
132 1.000000e-001 -3.469447e-016 -5.000000e-003
133 1.000000e-001 1.000000e-002 -5.000000e-003
134 1.000000e-001 2.000000e-002 -5.000000e-003
135 1.000000e-001 3.000000e-002 -5.000000e-003
136 1.000000e-001 4.000000e-002 -5.000000e-003
137 1.000000e-001 5.000000e-002 -5.000000e-003
138 1.000000e-001 6.000000e-002 -5.000000e-003
139 1.000000e-001 7.000000e-002 -5.000000e-003
140 1.000000e-001 8.000000e-002 -5.000000e-003
141 1.000000e-001 9.000000e-002 -5.000000e-003
142 -9.000000e-002 1.000000e-001 -5.000000e-003
143 -8.000000e-002 1.000000e-001 -5.000000e-003
144 -7.000000e-002 1.000000e-001 -5.000000e-003
145 -6.000000e-002 1.000000e-001 -5.000000e-003
146 -5.000000e-002 1.000000e-001 -5.000000e-003
147 -4.000000e-002 1.000000e-001 -5.000000e-003
148 -3.000000e-002 1.000000e-001 -5.000000e-003
149 -2.000000e-002 1.000000e-001 -5.000000e-003
150 -1.000000e-002 1.000000e-001 -5.000000e-003
151 -3.469447e-016 1.000000e-001 -5.000000e-003
152 1.000000e-002 1.000000e-001 -5.000000e-003
153 2.000000e-002 1.000000e-001 -5.000000e-003
154 3.000000e-002 1.000000e-001 -5.000000e-003
155 4.000000e-002 1.000000e-001 -5.000000e-003
156 5.000000e-002 1.000000e-001 -5.000000e-003
157 6.000000e-002 1.000000e-001 -5.000000e-003
158 7.000000e-002 1.000000e-001 -5.000000e-003
159 8.000000e-002 1.000000e-001 -5.000000e-003
160 9.000000e-002 1.000000e-001 -5.000000e-003
161 -9.152166e-002 -8.352570e-002 5.000000e-003
162 -9.102559e-002 -7.460630e-002 5.000000e-003
163 -9.127662e-002 -6.475511e-002 5.000000e-003
164 -9.138398e-002 -5.478077e-002 5.000000e-003
165 -9.137084e-002 -4.484346e-002 5.000000e-003
166 -9.135883e-002 -3.490253e-002 5.000000e-003
167 -9.135610e-002 -2.494172e-002 5.000000e-003
168 -9.135265e-002 -1.496602e-002 5.000000e-003
169 -9.134789e-002 -4.981149e-003 5.000000e-003
170 -9.134395e-002 5.009701e-003 5.000000e-003
171 -9.134163e-002 1.500456e-002 5.000000e-003
172 -9.134109e-002 2.500157e-002 5.000000e-003
173 -9.135291e-002 3.497979e-002 5.000000e-003
174 -9.140330e-002 4.488067e-002 5.000000e-003
175 -9.150533e-002 5.463180e-002 5.000000e-003
176 -9.157172e-002 6.420484e-002 5.000000e-003
177 -9.148529e-002 7.355630e-002 5.000000e-003
178 -9.121680e-002 8.264133e-002 5.000000e-003
179 -9.077358e-002 9.147561e-002 5.000000e-003
180 -8.612277e-002 -9.117368e-002 5.000000e-003
181 -6.501058e-002 -9.125869e-002 5.000000e-003
182 -4.488465e-002 -9.137405e-002 5.000000e-003
183 -2.497354e-002 -9.134288e-002 5.000000e-003
184 -4.997394e-003 -9.133918e-002 5.000000e-003
185 1.500893e-002 -9.133346e-002 5.000000e-003
186 3.503028e-002 -9.128412e-002 5.000000e-003
187 5.504458e-002 -9.114641e-002 5.000000e-003
188 7.479603e-002 -9.107722e-002 5.000000e-003
189 9.129215e-002 -8.628852e-002 5.000000e-003
190 9.135069e-002 -6.528556e-002 5.000000e-003
191 9.132736e-002 -4.506725e-002 5.000000e-003
192 9.132848e-002 -2.501564e-002 5.000000e-003
193 9.132829e-002 -4.984486e-003 5.000000e-003
194 9.127339e-002 1.511271e-002 5.000000e-003
195 9.115865e-002 3.544004e-002 5.000000e-003
196 9.117328e-002 5.607074e-002 5.000000e-003
197 9.034253e-002 7.478837e-002 5.000000e-003
198 -8.111047e-002 9.243584e-002 5.000000e-003
199 -7.121820e-002 9.302753e-002 5.000000e-003
200 -6.123324e-002 9.330979e-002 5.000000e-003
201 -5.124375e-002 9.338737e-002 5.000000e-003
202 -4.125319e-002 9.339254e-002 5.000000e-003
203 -3.127871e-002 9.335837e-002 5.000000e-003
204 -2.130376e-002 9.334505e-002 5.000000e-003
205 -1.131424e-002 9.334649e-002 5.000000e-003
206 -1.311988e-003 9.334574e-002 5.000000e-003
207 8.704995e-003 9.333446e-002 5.000000e-003
208 1.872332e-002 9.331475e-002 5.000000e-003
209 2.865027e-002 9.333840e-002 5.000000e-003
210 3.834167e-002 9.352218e-002 5.000000e-003
211 4.790302e-002 9.376420e-002 5.000000e-003
212 5.732267e-002 9.369761e-002 5.000000e-003
213 6.675435e-002 9.254566e-002 5.000000e-003
214 7.635933e-002 9.025062e-002 5.000000e-003
215 8.813868e-002 8.753260e-002 5.000000e-003
216 -7.546900e-002 -9.085837e-002 5.000000e-003
217 -5.486097e-002 -9.139343e-002 5.000000e-003
218 -3.493312e-002 -9.135043e-002 5.000000e-003
219 -1.498992e-002 -9.133918e-002 5.000000e-003
220 5.003974e-003 -9.133851e-002 5.000000e-003
221 2.502182e-002 -9.131444e-002 5.000000e-003
222 4.503692e-002 -9.123642e-002 5.000000e-003
223 6.498899e-002 -9.110886e-002 5.000000e-003
224 8.366584e-002 -9.169074e-002 5.000000e-003
225 9.107436e-002 -7.571139e-002 5.000000e-003
226 9.135170e-002 -5.513582e-002 5.000000e-003
227 9.131731e-002 -3.504073e-002 5.000000e-003
228 9.133199e-002 -1.500141e-002 5.000000e-003
229 9.130935e-002 5.053526e-003 5.000000e-003
230 9.121803e-002 2.524639e-002 5.000000e-003
231 9.109839e-002 4.576901e-002 5.000000e-003
232 9.249412e-002 6.525482e-002 5.000000e-003
233 -3.981065e-002 -8.270048e-002 5.000000e-003
234 -8.248435e-002 -6.956797e-002 5.000000e-003
235 -8.284979e-002 -5.940881e-002 5.000000e-003
236 -8.274961e-002 -4.956635e-002 5.000000e-003
237 -8.269895e-002 -3.972103e-002 5.000000e-003
238 -8.270770e-002 -2.981821e-002 5.000000e-003
239 -8.271469e-002 -1.988160e-002 5.000000e-003
240 -8.270863e-002 -9.926450e-003 5.000000e-003
241 -8.269772e-002 4.228674e-005 5.000000e-003
242 -8.268872e-002 1.002226e-002 5.000000e-003
243 -8.268357e-002 2.001024e-002 5.000000e-003
244 -8.268952e-002 2.998026e-002 5.000000e-003
245 -8.273924e-002 3.984744e-002 5.000000e-003
246 -8.289113e-002 4.947423e-002 5.000000e-003
247 -8.314610e-002 5.875766e-002 5.000000e-003
248 -8.315204e-002 6.774707e-002 5.000000e-003
249 -8.271424e-002 7.632486e-002 5.000000e-003
250 -8.198151e-002 8.448877e-002 5.000000e-003
251 8.283637e-002 -7.048244e-002 5.000000e-003
252 -5.955336e-002 -8.286262e-002 5.000000e-003
253 -1.996660e-002 -8.267718e-002 5.000000e-003
254 -8.133851e-002 -8.082063e-002 5.000000e-003
255 2.654633e-006 -8.268060e-002 5.000000e-003
256 2.002137e-002 -8.266495e-002 5.000000e-003
257 4.005097e-002 -8.251792e-002 5.000000e-003
258 6.015767e-002 -8.210768e-002 5.000000e-003
259 8.133609e-002 -8.175178e-002 5.000000e-003
260 8.265861e-002 -5.019105e-002 5.000000e-003
261 -4.966069e-002 -8.277074e-002 5.000000e-003
262 7.968356e-002 7.830252e-002 5.000000e-003
263 1.000533e-002 -8.268180e-002 5.000000e-003
264 8.263604e-002 -3.006557e-002 5.000000e-003
265 8.266270e-002 -9.979598e-003 5.000000e-003
266 8.257931e-002 1.016313e-002 5.000000e-003
267 8.237941e-002 3.063652e-002 5.000000e-003
268 8.214511e-002 5.215371e-002 5.000000e-003
269 8.223669e-002 6.503578e-002 5.000000e-003
270 -6.988630e-002 -8.241367e-002 5.000000e-003
271 -2.990465e-002 -8.268513e-002 5.000000e-003
272 -9.989141e-003 -8.267658e-002 5.000000e-003
273 -7.238069e-002 8.576938e-002 5.000000e-003
274 -6.258466e-002 8.642265e-002 5.000000e-003
275 -5.273671e-002 8.662525e-002 5.000000e-003
276 -4.281969e-002 8.664069e-002 5.000000e-003
277 -3.292092e-002 8.651872e-002 5.000000e-003
278 -2.299623e-002 8.647045e-002 5.000000e-003
279 -1.302099e-002 8.648114e-002 5.000000e-003
280 -3.009084e-003 8.648751e-002 5.000000e-003
281 7.041105e-003 8.646100e-002 5.000000e-003
282 1.711939e-002 8.639157e-002 5.000000e-003
283 2.708867e-002 8.635164e-002 5.000000e-003
284 3.662101e-002 8.660537e-002 5.000000e-003
285 4.552111e-002 8.735792e-002 5.000000e-003
286 5.447714e-002 8.738564e-002 5.000000e-003
287 6.205093e-002 8.663817e-002 5.000000e-003
288 8.276333e-002 -6.030571e-002 5.000000e-003
289 3.004284e-002 -8.260639e-002 5.000000e-003
290 5.003823e-002 -8.242671e-002 5.000000e-003
291 7.014224e-002 -8.229996e-002 5.000000e-003
292 8.248195e-002 2.035512e-002 5.000000e-003
293 8.266550e-002 -2.001675e-002 5.000000e-003
294 8.260173e-002 -4.013378e-002 5.000000e-003
295 8.263228e-002 8.047967e-005 5.000000e-003
296 8.224968e-002 4.116725e-002 5.000000e-003
297 6.964774e-002 8.239209e-002 5.000000e-003
298 -5.428666e-002 -7.421749e-002 5.000000e-003
299 -7.417635e-002 -5.414275e-002 5.000000e-003
300 -7.397976e-002 -4.446095e-002 5.000000e-003
301 -7.402960e-002 -3.460468e-002 5.000000e-003
302 -7.407817e-002 -2.470594e-002 5.000000e-003
303 -7.408471e-002 -1.479632e-002 5.000000e-003
304 -7.406833e-002 -4.871508e-003 5.000000e-003
305 -7.404781e-002 5.074022e-003 5.000000e-003
306 -7.403116e-002 1.503912e-002 5.000000e-003
307 -7.401984e-002 2.500118e-002 5.000000e-003
308 -7.403439e-002 3.487909e-002 5.000000e-003
309 -7.415443e-002 4.451027e-002 5.000000e-003
310 -7.450453e-002 5.369394e-002 5.000000e-003
311 -7.511558e-002 6.229177e-002 5.000000e-003
312 -7.476803e-002 7.059939e-002 5.000000e-003
313 -7.357302e-002 7.820601e-002 5.000000e-003
314 7.379161e-002 1.533504e-002 5.000000e-003
315 7.389825e-002 5.175347e-003 5.000000e-003
316 7.424891e-002 -6.543495e-002 5.000000e-003
317 7.344793e-002 3.606636e-002 5.000000e-003
318 4.498425e-002 -7.368792e-002 5.000000e-003
319 -1.497681e-002 -7.402621e-002 5.000000e-003
320 7.389173e-002 -3.516208e-002 5.000000e-003
321 7.381086e-002 -4.529821e-002 5.000000e-003
322 7.401627e-002 -1.497104e-002 5.000000e-003
323 7.362827e-002 2.562958e-002 5.000000e-003
324 2.499841e-002 -7.401258e-002 5.000000e-003
325 7.396806e-002 -4.910448e-003 5.000000e-003
326 3.502684e-002 -7.385080e-002 5.000000e-003
327 -6.375904e-002 -7.463284e-002 5.000000e-003
328 -2.491386e-002 -7.404508e-002 5.000000e-003
329 -6.411874e-002 7.929831e-002 5.000000e-003
330 -5.462702e-002 7.965774e-002 5.000000e-003
331 -4.489387e-002 7.973687e-002 5.000000e-003
332 -3.515268e-002 7.941397e-002 5.000000e-003
333 -2.530078e-002 7.928152e-002 5.000000e-003
334 -1.532780e-002 7.931499e-002 5.000000e-003
335 -5.295853e-003 7.935110e-002 5.000000e-003
336 4.789286e-003 7.932516e-002 5.000000e-003
337 1.494386e-002 7.919389e-002 5.000000e-003
338 2.509340e-002 7.898790e-002 5.000000e-003
339 3.488883e-002 7.904615e-002 5.000000e-003
340 4.361992e-002 8.007908e-002 5.000000e-003
341 5.106163e-002 8.177011e-002 5.000000e-003
342 -7.353072e-002 -7.336904e-002 5.000000e-003
343 6.923252e-002 7.035477e-002 5.000000e-003
344 -3.480846e-002 -7.406044e-002 5.000000e-003
345 7.401547e-002 -2.502774e-002 5.000000e-003
346 6.551064e-002 -7.218589e-002 5.000000e-003
347 7.277026e-002 5.799287e-002 5.000000e-003
348 7.478647e-002 -7.451304e-002 5.000000e-003
349 5.953130e-002 7.818990e-002 5.000000e-003
350 5.482494e-002 -7.371229e-002 5.000000e-003
351 -7.465221e-002 -6.361676e-002 5.000000e-003
352 7.319813e-002 4.677001e-002 5.000000e-003
353 7.404782e-002 -5.538384e-002 5.000000e-003
354 -4.994824e-003 -7.402661e-002 5.000000e-003
355 1.497851e-002 -7.404177e-002 5.000000e-003
356 4.987451e-003 -7.403154e-002 5.000000e-003
357 -4.464728e-002 -7.405182e-002 5.000000e-003
358 -4.962749e-002 -6.526146e-002 5.000000e-003
359 4.979008e-002 -6.476795e-002 5.000000e-003
360 -6.528731e-002 -3.933430e-002 5.000000e-003
361 -6.542979e-002 -2.940658e-002 5.000000e-003
362 -6.546868e-002 -1.954390e-002 5.000000e-003
363 -6.545317e-002 -9.689359e-003 5.000000e-003
364 -6.541965e-002 1.928296e-004 5.000000e-003
365 -6.538423e-002 1.011229e-002 5.000000e-003
366 -6.535384e-002 2.005045e-002 5.000000e-003
367 -6.533308e-002 2.995225e-002 5.000000e-003
368 -6.536903e-002 3.969409e-002 5.000000e-003
369 -6.563726e-002 4.906891e-002 5.000000e-003
370 -6.637977e-002 5.782572e-002 5.000000e-003
371 -6.799623e-002 6.536018e-002 5.000000e-003
372 -6.577571e-002 7.196913e-002 5.000000e-003
373 -6.733218e-002 -6.724649e-002 5.000000e-003
374 6.512354e-002 1.023998e-002 5.000000e-003
375 6.434014e-002 4.122182e-002 5.000000e-003
376 6.494388e-002 -4.034005e-002 5.000000e-003
377 6.531651e-002 -9.909577e-003 5.000000e-003
378 6.585480e-002 -6.083186e-002 5.000000e-003
379 2.987133e-002 -6.542201e-002 5.000000e-003
380 -9.988745e-003 -6.539897e-002 5.000000e-003
381 6.522099e-002 1.331954e-004 5.000000e-003
382 -6.579305e-002 -5.886628e-002 5.000000e-003
383 6.306047e-002 6.108640e-002 5.000000e-003
384 4.000213e-002 -6.490756e-002 5.000000e-003
385 -5.900517e-002 -6.578339e-002 5.000000e-003
386 -1.995557e-002 -6.542883e-002 5.000000e-003
387 -5.696019e-002 7.235852e-002 5.000000e-003
388 -4.760057e-002 7.281106e-002 5.000000e-003
389 -3.816698e-002 7.204150e-002 5.000000e-003
390 -2.837687e-002 7.170330e-002 5.000000e-003
391 -1.833784e-002 7.177944e-002 5.000000e-003
392 -8.262089e-003 7.187856e-002 5.000000e-003
393 1.831425e-003 7.189528e-002 5.000000e-003
394 1.199377e-002 7.174510e-002 5.000000e-003
395 2.229867e-002 7.136659e-002 5.000000e-003
396 3.279607e-002 7.093805e-002 5.000000e-003
397 4.291567e-002 7.158345e-002 5.000000e-003
398 5.059003e-002 7.508738e-002 5.000000e-003
399 -2.983173e-002 -6.552550e-002 5.000000e-003
400 6.487722e-002 -5.064227e-002 5.000000e-003
401 6.541555e-002 -1.990615e-002 5.000000e-003
402 6.378364e-002 5.155180e-002 5.000000e-003
403 6.496333e-002 2.044098e-002 5.000000e-003
404 1.987524e-002 -6.544341e-002 5.000000e-003
405 -6.508540e-002 -4.933576e-002 5.000000e-003
406 -1.807273e-005 -6.535841e-002 5.000000e-003
407 6.543188e-002 -2.997409e-002 5.000000e-003
408 -3.973119e-002 -6.553264e-002 5.000000e-003
409 5.449949e-002 6.727852e-002 5.000000e-003
410 5.855120e-002 -6.566013e-002 5.000000e-003
411 9.930070e-003 -6.537416e-002 5.000000e-003
412 6.470867e-002 3.076719e-002 5.000000e-003
413 5.491277e-002 4.610815e-002 5.000000e-003
414 -5.685492e-002 -2.413378e-002 5.000000e-003
415 -5.683827e-002 -1.437719e-002 5.000000e-003
416 -5.679062e-002 -4.590430e-003 5.000000e-003
417 -5.673166e-002 5.258232e-003 5.000000e-003
418 -5.667893e-002 1.515184e-002 5.000000e-003
419 -5.666449e-002 2.504318e-002 5.000000e-003
420 -5.666721e-002 3.488601e-002 5.000000e-003
421 -5.674468e-002 4.456650e-002 5.000000e-003
422 -5.735539e-002 5.394931e-002 5.000000e-003
423 -5.909745e-002 6.360332e-002 5.000000e-003
424 -3.466499e-002 -5.733000e-002 5.000000e-003
425 -4.468846e-002 -5.710399e-002 5.000000e-003
426 5.378861e-002 5.658012e-002 5.000000e-003
427 -5.548088e-002 -5.540620e-002 5.000000e-003
428 5.693986e-002 -2.471024e-002 5.000000e-003
429 4.557545e-002 -5.484005e-002 5.000000e-003
430 5.644024e-002 5.049333e-003 5.000000e-003
431 -5.020816e-003 -5.667950e-002 5.000000e-003
432 -1.496341e-002 -5.688839e-002 5.000000e-003
433 -5.646974e-002 -4.406706e-002 5.000000e-003
434 5.651499e-002 -4.973885e-003 5.000000e-003
435 -5.097820e-002 6.627497e-002 5.000000e-003
436 -4.232782e-002 6.456134e-002 5.000000e-003
437 -3.243570e-002 6.365626e-002 5.000000e-003
438 -2.206162e-002 6.384391e-002 5.000000e-003
439 -1.188105e-002 6.402616e-002 5.000000e-003
440 -1.814591e-003 6.413304e-002 5.000000e-003
441 8.236274e-003 6.405359e-002 5.000000e-003
442 1.841769e-002 6.365396e-002 5.000000e-003
443 2.908221e-002 6.286485e-002 5.000000e-003
444 4.177005e-002 6.179944e-002 5.000000e-003
445 -2.498229e-002 -5.688452e-002 5.000000e-003
446 5.481209e-002 -4.580751e-002 5.000000e-003
447 3.449133e-002 -5.706334e-002 5.000000e-003
448 5.667237e-002 -1.489248e-002 5.000000e-003
449 5.707206e-002 -3.462823e-002 5.000000e-003
450 5.638570e-002 -5.668262e-002 5.000000e-003
451 -5.677374e-002 -3.395495e-002 5.000000e-003
452 4.933371e-003 -5.659817e-002 5.000000e-003
453 2.463685e-002 -5.696058e-002 5.000000e-003
454 5.635364e-002 1.511392e-002 5.000000e-003
455 5.571709e-002 3.563794e-002 5.000000e-003
456 4.931258e-002 -3.783708e-002 5.000000e-003
457 -4.814489e-002 -9.281049e-003 5.000000e-003
458 -4.806160e-002 4.782802e-004 5.000000e-003
459 -4.797139e-002 1.033165e-002 5.000000e-003
460 -4.795071e-002 2.020376e-002 5.000000e-003
461 -4.809252e-002 3.000753e-002 5.000000e-003
462 -4.812090e-002 3.981126e-002 5.000000e-003
463 -4.804819e-002 4.945149e-002 5.000000e-003
464 -4.926032e-002 5.835253e-002 5.000000e-003
465 4.494352e-002 5.062111e-002 5.000000e-003
466 -3.932020e-002 -5.035784e-002 5.000000e-003
467 -1.006603e-002 -4.809131e-002 5.000000e-003
468 4.767447e-002 -2.436040e-004 5.000000e-003
469 -3.817004e-002 5.484617e-002 5.000000e-003
470 -2.633054e-002 5.555900e-002 5.000000e-003
471 -1.599070e-002 5.578005e-002 5.000000e-003
472 -5.997955e-003 5.599216e-002 5.000000e-003
473 3.866432e-003 5.607043e-002 5.000000e-003
474 1.370846e-002 5.583875e-002 5.000000e-003
475 2.376671e-002 5.512271e-002 5.000000e-003
476 3.434454e-002 5.369352e-002 5.000000e-003
477 3.773570e-002 -4.933478e-002 5.000000e-003
478 1.482891e-002 -5.670481e-002 5.000000e-003
479 -4.812278e-002 -3.816953e-002 5.000000e-003
480 -4.825706e-002 -2.856363e-002 5.000000e-003
481 5.616121e-002 2.528529e-002 5.000000e-003
482 4.664444e-002 4.011378e-002 5.000000e-003
483 -4.762012e-002 -4.783535e-002 5.000000e-003
484 -3.046514e-002 -4.783597e-002 5.000000e-003
485 2.919149e-002 -4.873346e-002 5.000000e-003
486 4.805604e-002 -1.991751e-002 5.000000e-003
487 4.770430e-002 9.718347e-003 5.000000e-003
488 -4.821766e-002 -1.894551e-002 5.000000e-003
489 -9.205806e-005 -4.773474e-002 5.000000e-003
490 4.871174e-002 -2.928950e-002 5.000000e-003
491 4.415509e-002 -4.422965e-002 5.000000e-003
492 -1.985963e-002 -4.874814e-002 5.000000e-003
493 4.772962e-002 -1.019740e-002 5.000000e-003
494 3.740695e-002 4.386522e-002 5.000000e-003
495 4.747907e-002 2.981788e-002 5.000000e-003
496 -3.943175e-002 -4.212193e-002 5.000000e-003
497 -3.926265e-002 5.527527e-003 5.000000e-003
498 -3.914737e-002 1.548151e-002 5.000000e-003
499 -3.930107e-002 2.531206e-002 5.000000e-003
500 -3.996058e-002 3.482980e-002 5.000000e-003
501 -3.961566e-002 4.458872e-002 5.000000e-003
502 -3.971381e-002 -3.291269e-002 5.000000e-003
503 3.960012e-002 -2.547220e-002 5.000000e-003
504 -3.001417e-002 4.708791e-002 5.000000e-003
505 -3.949018e-002 -1.396707e-002 5.000000e-003
506 4.118714e-002 -3.488946e-002 5.000000e-003
507 -3.962413e-002 -2.351900e-002 5.000000e-003
508 -2.020607e-002 4.715446e-002 5.000000e-003
509 -1.047059e-002 4.741454e-002 5.000000e-003
510 -8.040584e-004 4.774261e-002 5.000000e-003
511 8.726346e-003 4.778682e-002 5.000000e-003
512 1.817810e-002 4.745179e-002 5.000000e-003
513 1.978857e-002 -4.807427e-002 5.000000e-003
514 -3.937400e-002 -4.293953e-003 5.000000e-003
515 3.900520e-002 3.393163e-002 5.000000e-003
516 3.879051e-002 -1.571078e-002 5.000000e-003
517 9.950119e-003 -4.772987e-002 5.000000e-003
518 3.479910e-002 -4.123716e-002 5.000000e-003
519 3.894119e-002 4.390491e-003 5.000000e-003
520 -5.477003e-003 -3.883697e-002 5.000000e-003
521 -1.534808e-002 -3.978637e-002 5.000000e-003
522 2.780071e-002 4.632069e-002 5.000000e-003
523 4.772541e-002 1.968967e-002 5.000000e-003
524 3.874787e-002 -5.678431e-003 5.000000e-003
525 -3.020935e-002 2.091570e-002 5.000000e-003
526 -3.093394e-002 3.070819e-002 5.000000e-003
527 -3.290249e-002 3.913039e-002 5.000000e-003
528 -3.143221e-002 -3.749711e-002 5.000000e-003
529 3.915228e-002 1.425486e-002 5.000000e-003
530 5.009021e-003 -3.866396e-002 5.000000e-003
531 3.187354e-002 -3.198737e-002 5.000000e-003
532 -1.504772e-002 3.821641e-002 5.000000e-003
533 -5.486028e-003 3.903258e-002 5.000000e-003
534 3.915573e-003 3.948537e-002 5.000000e-003
535 1.299723e-002 3.945847e-002 5.000000e-003
536 2.531732e-002 -3.964553e-002 5.000000e-003
537 -3.068254e-002 -9.216414e-003 5.000000e-003
538 -2.451131e-002 3.824312e-002 5.000000e-003
539 -3.058200e-002 5.634285e-004 5.000000e-003
540 -5.176440e-004 -2.983994e-002 5.000000e-003
541 3.036763e-002 9.244742e-003 5.000000e-003
542 -2.397009e-002 -4.145092e-002 5.000000e-003
543 2.962597e-002 -2.191220e-002 5.000000e-003
544 -3.046045e-002 1.065108e-002 5.000000e-003
545 1.536347e-002 -3.878445e-002 5.000000e-003
546 3.069008e-002 3.745784e-002 5.000000e-003
547 -3.111173e-002 -2.825403e-002 5.000000e-003
548 -3.087517e-002 -1.883626e-002 5.000000e-003
549 -1.226194e-002 -2.957560e-002 5.000000e-003
550 2.178317e-002 3.924247e-002 5.000000e-003
551 3.940258e-002 2.402714e-002 5.000000e-003
552 3.011077e-002 -7.591416e-004 5.000000e-003
553 -2.164336e-002 1.585739e-002 5.000000e-003
554 2.940029e-002 -1.134559e-002 5.000000e-003
555 2.162751e-002 -2.972128e-002 5.000000e-003
556 -2.259285e-002 -3.312622e-002 5.000000e-003
557 -2.175573e-002 -4.728496e-003 5.000000e-003
558 -9.836602e-003 2.969697e-002 5.000000e-003
559 -4.819698e-004 3.114366e-002 5.000000e-003
560 8.631431e-003 3.129550e-002 5.000000e-003
561 -2.064045e-002 2.760118e-002 5.000000e-003
562 3.088970e-002 1.886230e-002 5.000000e-003
563 1.072153e-002 -2.938190e-002 5.000000e-003
564 -2.200393e-002 5.392683e-003 5.000000e-003
565 2.157036e-002 4.720784e-003 5.000000e-003
566 3.162642e-002 2.812430e-002 5.000000e-003
567 -2.205952e-002 -1.434833e-002 5.000000e-003
568 -5.646562e-003 -2.076287e-002 5.000000e-003
569 1.705281e-002 3.104639e-002 5.000000e-003
570 2.185667e-002 1.462453e-002 5.000000e-003
571 4.775774e-003 -2.128848e-002 5.000000e-003
572 -1.468032e-002 -1.985004e-002 5.000000e-003
573 1.764564e-002 -1.793494e-002 5.000000e-003
574 -3.426598e-003 2.219703e-002 5.000000e-003
575 -2.238810e-002 -2.405866e-002 5.000000e-003
576 -1.351808e-002 -1.677609e-005 5.000000e-003
577 4.599168e-003 2.420156e-002 5.000000e-003
578 2.483438e-002 3.191128e-002 5.000000e-003
579 -1.369425e-002 1.000480e-002 5.000000e-003
580 -1.253467e-002 1.983492e-002 5.000000e-003
581 2.141295e-002 -5.459898e-003 5.000000e-003
582 -9.705724e-004 -1.249937e-002 5.000000e-003
583 1.336234e-002 2.139889e-002 5.000000e-003
584 -1.175375e-002 -1.064306e-002 5.000000e-003
585 2.309025e-002 2.391050e-002 5.000000e-003
586 1.281610e-002 1.041179e-002 5.000000e-003
587 1.289676e-002 6.317262e-004 5.000000e-003
588 4.399235e-003 1.566567e-002 5.000000e-003
589 -4.686673e-003 1.317509e-002 5.000000e-003
590 -4.096651e-003 -3.319561e-003 5.000000e-003
591 -6.460731e-003 4.967929e-003 5.000000e-003
592 1.335501e-002 -8.108631e-003 5.000000e-003
593 7.825625e-003 -1.333653e-002 5.000000e-003
594 3.080400e-003 5.258631e-003 5.000000e-003
595 5.119402e-003 -4.905271e-003 5.000000e-003
596 -9.152130e-002 -8.352546e-002 -5.000000e-003
597 -9.102496e-002 -7.460570e-002 -5.000000e-003
598 -9.127655e-002 -6.475454e-002 -5.000000e-003
599 -9.138568e-002 -5.478072e-002 -5.000000e-003
600 -9.137406e-002 -4.484394e-002 -5.000000e-003
601 -9.136110e-002 -3.490366e-002 -5.000000e-003
602 -9.135538e-002 -2.494395e-002 -5.000000e-003
603 -9.134966e-002 -1.496929e-002 -5.000000e-003
604 -9.134485e-002 -4.984443e-003 -5.000000e-003
605 -9.134208e-002 5.007289e-003 -5.000000e-003
606 -9.134179e-002 1.500249e-002 -5.000000e-003
607 -9.134636e-002 2.499726e-002 -5.000000e-003
608 -9.136498e-002 3.497212e-002 -5.000000e-003
609 -9.141747e-002 4.487186e-002 -5.000000e-003
610 -9.151471e-002 5.462409e-002 -5.000000e-003
611 -9.157383e-002 6.419850e-002 -5.000000e-003
612 -9.148249e-002 7.355067e-002 -5.000000e-003
613 -9.121291e-002 8.263651e-002 -5.000000e-003
614 -9.077128e-002 9.147278e-002 -5.000000e-003
615 -8.612241e-002 -9.117336e-002 -5.000000e-003
616 -6.501021e-002 -9.125685e-002 -5.000000e-003
617 -4.488548e-002 -9.137307e-002 -5.000000e-003
618 -2.497394e-002 -9.134316e-002 -5.000000e-003
619 -4.995105e-003 -9.133625e-002 -5.000000e-003
620 1.502126e-002 -9.131524e-002 -5.000000e-003
621 3.508604e-002 -9.122041e-002 -5.000000e-003
622 5.511202e-002 -9.110527e-002 -5.000000e-003
623 7.482678e-002 -9.119551e-002 -5.000000e-003
624 9.128225e-002 -8.632078e-002 -5.000000e-003
625 9.115331e-002 -6.534423e-002 -5.000000e-003
626 9.119203e-002 -4.513930e-002 -5.000000e-003
627 9.132253e-002 -2.502360e-002 -5.000000e-003
628 9.132885e-002 -4.984153e-003 -5.000000e-003
629 9.127339e-002 1.511271e-002 -5.000000e-003
630 9.115865e-002 3.544004e-002 -5.000000e-003
631 9.117328e-002 5.607074e-002 -5.000000e-003
632 9.034253e-002 7.478837e-002 -5.000000e-003
633 -8.110479e-002 9.242952e-002 -5.000000e-003
634 -7.120642e-002 9.301511e-002 -5.000000e-003
635 -6.121689e-002 9.328956e-002 -5.000000e-003
636 -5.123345e-002 9.336211e-002 -5.000000e-003
637 -4.125423e-002 9.337384e-002 -5.000000e-003
638 -3.128186e-002 9.335428e-002 -5.000000e-003
639 -2.130283e-002 9.334808e-002 -5.000000e-003
640 -1.131175e-002 9.334859e-002 -5.000000e-003
641 -1.310127e-003 9.334663e-002 -5.000000e-003
642 8.705978e-003 9.333479e-002 -5.000000e-003
643 1.872375e-002 9.331486e-002 -5.000000e-003
644 2.865044e-002 9.333844e-002 -5.000000e-003
645 3.834174e-002 9.352220e-002 -5.000000e-003
646 4.790304e-002 9.376420e-002 -5.000000e-003
647 5.732267e-002 9.369761e-002 -5.000000e-003
648 6.675436e-002 9.254566e-002 -5.000000e-003
649 7.635933e-002 9.025062e-002 -5.000000e-003
650 8.813868e-002 8.753260e-002 -5.000000e-003
651 -7.546854e-002 -9.085718e-002 -5.000000e-003
652 -5.486150e-002 -9.139197e-002 -5.000000e-003
653 -3.493399e-002 -9.135064e-002 -5.000000e-003
654 -1.498900e-002 -9.133867e-002 -5.000000e-003
655 5.012840e-003 -9.132607e-002 -5.000000e-003
656 2.505325e-002 -9.127687e-002 -5.000000e-003
657 4.513039e-002 -9.113118e-002 -5.000000e-003
658 6.503304e-002 -9.119622e-002 -5.000000e-003
659 8.367413e-002 -9.174837e-002 -5.000000e-003
660 9.098304e-002 -7.575697e-002 -5.000000e-003
661 9.112604e-002 -5.522746e-002 -5.000000e-003
662 9.127222e-002 -3.507543e-002 -5.000000e-003
663 9.133238e-002 -1.500241e-002 -5.000000e-003
664 9.130949e-002 5.053706e-003 -5.000000e-003
665 9.121803e-002 2.524639e-002 -5.000000e-003
666 9.109839e-002 4.576901e-002 -5.000000e-003
667 9.249412e-002 6.525482e-002 -5.000000e-003
668 -3.981095e-002 -8.271044e-002 -5.000000e-003
669 -8.248580e-002 -6.956732e-002 -5.000000e-003
670 -8.285621e-002 -5.941173e-002 -5.000000e-003
671 -8.276166e-002 -4.957477e-002 -5.000000e-003
672 -8.270894e-002 -3.973582e-002 -5.000000e-003
673 -8.270804e-002 -2.983800e-002 -5.000000e-003
674 -8.270535e-002 -1.990336e-002 -5.000000e-003
675 -8.269606e-002 -9.946122e-003 -5.000000e-003
676 -8.268777e-002 2.757209e-005 -5.000000e-003
677 -8.268532e-002 1.001101e-002 -5.000000e-003
678 -8.269536e-002 1.999327e-002 -5.000000e-003
679 -8.272393e-002 2.994890e-002 -5.000000e-003
680 -8.278451e-002 3.980563e-002 -5.000000e-003
681 -8.292326e-002 4.943200e-002 -5.000000e-003
682 -8.315394e-002 5.872040e-002 -5.000000e-003
683 -8.313979e-002 6.771534e-002 -5.000000e-003
684 -8.269374e-002 7.629762e-002 -5.000000e-003
685 -8.196454e-002 8.446905e-002 -5.000000e-003
686 8.254218e-002 -7.064386e-002 -5.000000e-003
687 -5.955685e-002 -8.286460e-002 -5.000000e-003
688 -1.996453e-002 -8.267235e-002 -5.000000e-003
689 -8.133814e-002 -8.081916e-002 -5.000000e-003
690 2.766337e-005 -8.263923e-002 -5.000000e-003
691 2.008367e-002 -8.255498e-002 -5.000000e-003
692 4.024771e-002 -8.231515e-002 -5.000000e-003
693 6.036057e-002 -8.217790e-002 -5.000000e-003
694 8.131930e-002 -8.191678e-002 -5.000000e-003
695 8.224917e-002 -5.039228e-002 -5.000000e-003
696 -4.966464e-002 -8.278107e-002 -5.000000e-003
697 7.968356e-002 7.830252e-002 -5.000000e-003
698 1.005928e-002 -8.259599e-002 -5.000000e-003
699 8.260949e-002 -3.007846e-002 -5.000000e-003
700 8.265715e-002 -9.980568e-003 -5.000000e-003
701 8.257876e-002 1.016296e-002 -5.000000e-003
702 8.237940e-002 3.063651e-002 -5.000000e-003
703 8.214511e-002 5.215371e-002 -5.000000e-003
704 8.223669e-002 6.503578e-002 -5.000000e-003
705 -6.988826e-002 -8.241242e-002 -5.000000e-003
706 -2.990161e-002 -8.268872e-002 -5.000000e-003
707 -9.978095e-003 -8.265755e-002 -5.000000e-003
708 -7.234647e-002 8.573061e-002 -5.000000e-003
709 -6.253760e-002 8.635715e-002 -5.000000e-003
710 -5.270660e-002 8.654719e-002 -5.000000e-003
711 -4.281749e-002 8.659753e-002 -5.000000e-003
712 -3.291401e-002 8.653391e-002 -5.000000e-003
713 -2.297370e-002 8.650377e-002 -5.000000e-003
714 -1.299999e-002 8.649776e-002 -5.000000e-003
715 -2.996808e-003 8.649273e-002 -5.000000e-003
716 7.046725e-003 8.646234e-002 -5.000000e-003
717 1.712162e-002 8.639188e-002 -5.000000e-003
718 2.708949e-002 8.635172e-002 -5.000000e-003
719 3.662129e-002 8.660541e-002 -5.000000e-003
720 4.552121e-002 8.735793e-002 -5.000000e-003
721 5.447718e-002 8.738565e-002 -5.000000e-003
722 6.205095e-002 8.663818e-002 -5.000000e-003
723 8.221198e-002 -6.054318e-002 -5.000000e-003
724 3.015685e-002 -8.245582e-002 -5.000000e-003
725 5.037455e-002 -8.212260e-002 -5.000000e-003
726 7.026059e-002 -8.265516e-002 -5.000000e-003
727 8.248185e-002 2.035506e-002 -5.000000e-003
728 8.265130e-002 -2.002167e-002 -5.000000e-003
729 8.246536e-002 -4.021524e-002 -5.000000e-003
730 8.262875e-002 7.872713e-005 -5.000000e-003
731 8.224968e-002 4.116724e-002 -5.000000e-003
732 6.964775e-002 8.239209e-002 -5.000000e-003
733 -5.429876e-002 -7.425387e-002 -5.000000e-003
734 -7.420255e-002 -5.417510e-002 -5.000000e-003
735 -7.400970e-002 -4.451878e-002 -5.000000e-003
736 -7.404262e-002 -3.467775e-002 -5.000000e-003
737 -7.406616e-002 -2.478282e-002 -5.000000e-003
738 -7.405648e-002 -1.486607e-002 -5.000000e-003
739 -7.403933e-002 -4.926268e-003 -5.000000e-003
740 -7.403012e-002 5.033734e-003 -5.000000e-003
741 -7.403868e-002 1.499430e-002 -5.000000e-003
742 -7.406783e-002 2.492249e-002 -5.000000e-003
743 -7.411690e-002 3.475554e-002 -5.000000e-003
744 -7.422018e-002 4.436912e-002 -5.000000e-003
745 -7.451472e-002 5.356243e-002 -5.000000e-003
746 -7.508170e-002 6.218098e-002 -5.000000e-003
747 -7.470620e-002 7.050447e-002 -5.000000e-003
748 -7.351352e-002 7.812938e-002 -5.000000e-003
749 7.378873e-002 1.533358e-002 -5.000000e-003
750 7.388906e-002 5.167824e-003 -5.000000e-003
751 7.333454e-002 -6.596359e-002 -5.000000e-003
752 7.344676e-002 3.606548e-002 -5.000000e-003
753 4.554087e-002 -7.329476e-002 -5.000000e-003
754 -1.496332e-002 -7.395771e-002 -5.000000e-003
755 7.386292e-002 -3.515816e-002 -5.000000e-003
756 7.356535e-002 -4.544296e-002 -5.000000e-003
757 7.395866e-002 -1.500142e-002 -5.000000e-003
758 7.362556e-002 2.562784e-002 -5.000000e-003
759 2.520492e-002 -7.367412e-002 -5.000000e-003
760 7.393817e-002 -4.935073e-003 -5.000000e-003
761 3.532138e-002 -7.354573e-002 -5.000000e-003
762 -6.377063e-002 -7.464608e-002 -5.000000e-003
763 -2.489608e-002 -7.400747e-002 -5.000000e-003
764 -6.402152e-002 7.916185e-002 -5.000000e-003
765 -5.453969e-002 7.948803e-002 -5.000000e-003
766 -4.485357e-002 7.966872e-002 -5.000000e-003
767 -3.509470e-002 7.951703e-002 -5.000000e-003
768 -2.521525e-002 7.942920e-002 -5.000000e-003
769 -1.526637e-002 7.939142e-002 -5.000000e-003
770 -5.264996e-003 7.938034e-002 -5.000000e-003
771 4.802073e-003 7.933762e-002 -5.000000e-003
772 1.494909e-002 7.920185e-002 -5.000000e-003
773 2.509661e-002 7.899433e-002 -5.000000e-003
774 3.489159e-002 7.905063e-002 -5.000000e-003
775 4.362166e-002 8.008082e-002 -5.000000e-003
776 5.106245e-002 8.177073e-002 -5.000000e-003
777 -7.353676e-002 -7.337187e-002 -5.000000e-003
778 6.923288e-002 7.035482e-002 -5.000000e-003
779 -3.479332e-002 -7.407578e-002 -5.000000e-003
780 7.393410e-002 -2.506257e-002 -5.000000e-003
781 6.586432e-002 -7.333636e-002 -5.000000e-003
782 7.277048e-002 5.799291e-002 -5.000000e-003
783 7.473295e-002 -7.495355e-002 -5.000000e-003
784 5.953190e-002 7.819061e-002 -5.000000e-003
785 5.592590e-002 -7.287190e-002 -5.000000e-003
786 -7.466468e-002 -6.363219e-002 -5.000000e-003
787 7.319801e-002 4.676966e-002 -5.000000e-003
788 7.304243e-002 -5.591110e-002 -5.000000e-003
789 -4.946420e-003 -7.392087e-002 -5.000000e-003
790 1.516401e-002 -7.375667e-002 -5.000000e-003
791 5.115226e-003 -7.384302e-002 -5.000000e-003
792 -4.464852e-002 -7.409990e-002 -5.000000e-003
793 -4.964918e-002 -6.538425e-002 -5.000000e-003
794 5.096470e-002 -6.419446e-002 -5.000000e-003
795 -6.534427e-002 -3.950608e-002 -5.000000e-003
796 -6.544222e-002 -2.959159e-002 -5.000000e-003
797 -6.543230e-002 -1.971951e-002 -5.000000e-003
798 -6.539690e-002 -9.836653e-003 -5.000000e-003
799 -6.537502e-002 8.119559e-005 -5.000000e-003
800 -6.537311e-002 1.001131e-002 -5.000000e-003
801 -6.538452e-002 1.990614e-002 -5.000000e-003
802 -6.540713e-002 2.970777e-002 -5.000000e-003
803 -6.546668e-002 3.934956e-002 -5.000000e-003
804 -6.563299e-002 4.873023e-002 -5.000000e-003
805 -6.627332e-002 5.753833e-002 -5.000000e-003
806 -6.787133e-002 6.514258e-002 -5.000000e-003
807 -6.563368e-002 7.176799e-002 -5.000000e-003
808 -6.734831e-002 -6.727163e-002 -5.000000e-003
809 6.511031e-002 1.022383e-002 -5.000000e-003
810 6.433951e-002 4.121849e-002 -5.000000e-003
811 6.517897e-002 -4.020647e-002 -5.000000e-003
812 6.519874e-002 -1.002244e-002 -5.000000e-003
813 6.272153e-002 -6.256027e-002 -5.000000e-003
814 3.038673e-002 -6.469817e-002 -5.000000e-003
815 -9.936580e-003 -6.514769e-002 -5.000000e-003
816 6.517959e-002 7.565983e-005 -5.000000e-003
817 -6.582881e-002 -5.893312e-002 -5.000000e-003
818 6.306354e-002 6.108784e-002 -5.000000e-003
819 4.048504e-002 -6.469313e-002 -5.000000e-003
820 -5.903193e-002 -6.585468e-002 -5.000000e-003
821 -1.992468e-002 -6.519851e-002 -5.000000e-003
822 -5.673263e-002 7.203452e-002 -5.000000e-003
823 -4.741912e-002 7.267057e-002 -5.000000e-003
824 -3.796103e-002 7.233883e-002 -5.000000e-003
825 -2.815009e-002 7.215800e-002 -5.000000e-003
826 -1.822150e-002 7.202762e-002 -5.000000e-003
827 -8.220172e-003 7.199381e-002 -5.000000e-003
828 1.848033e-003 7.195903e-002 -5.000000e-003
829 1.200674e-002 7.179020e-002 -5.000000e-003
830 2.231466e-002 7.140224e-002 -5.000000e-003
831 3.281190e-002 7.096330e-002 -5.000000e-003
832 4.292519e-002 7.159393e-002 -5.000000e-003
833 5.059407e-002 7.509080e-002 -5.000000e-003
834 -2.978935e-002 -6.544735e-002 -5.000000e-003
835 6.455924e-002 -5.076049e-002 -5.000000e-003
836 6.518164e-002 -2.008587e-002 -5.000000e-003
837 6.378699e-002 5.155181e-002 -5.000000e-003
838 6.495076e-002 2.042889e-002 -5.000000e-003
839 2.037053e-002 -6.475197e-002 -5.000000e-003
840 -6.515573e-002 -4.947079e-002 -5.000000e-003
841 1.561239e-004 -6.507079e-002 -5.000000e-003
842 6.519332e-002 -3.012372e-002 -5.000000e-003
843 -3.972010e-002 -6.561421e-002 -5.000000e-003
844 5.450582e-002 6.728370e-002 -5.000000e-003
845 1.029250e-002 -6.490745e-002 -5.000000e-003
846 6.470060e-002 3.075747e-002 -5.000000e-003
847 5.492284e-002 4.610330e-002 -5.000000e-003
848 -5.684812e-002 -2.447387e-002 -5.000000e-003
849 -5.675441e-002 -1.468889e-002 -5.000000e-003
850 -5.670781e-002 -4.842476e-003 -5.000000e-003
851 -5.670191e-002 5.047280e-003 -5.000000e-003
852 -5.669293e-002 1.491515e-002 -5.000000e-003
853 -5.665697e-002 2.469266e-002 -5.000000e-003
854 -5.665982e-002 3.431519e-002 -5.000000e-003
855 -5.680841e-002 4.379693e-002 -5.000000e-003
856 -5.703484e-002 5.335604e-002 -5.000000e-003
857 -5.874813e-002 6.313276e-002 -5.000000e-003
858 -3.466405e-002 -5.733460e-002 -5.000000e-003
859 -4.474574e-002 -5.733906e-002 -5.000000e-003
860 5.380558e-002 5.658534e-002 -5.000000e-003
861 -5.556558e-002 -5.561145e-002 -5.000000e-003
862 5.630213e-002 -2.529032e-002 -5.000000e-003
863 4.528142e-002 -5.624004e-002 -5.000000e-003
864 5.640494e-002 4.980875e-003 -5.000000e-003
865 5.531392e-002 -5.492731e-002 -5.000000e-003
866 -1.495400e-002 -5.625751e-002 -5.000000e-003
867 5.640328e-002 -5.155935e-003 -5.000000e-003
868 -5.042380e-002 6.585371e-002 -5.000000e-003
869 -4.170793e-002 6.503845e-002 -5.000000e-003
870 -3.184653e-002 6.481151e-002 -5.000000e-003
871 -2.190615e-002 6.445433e-002 -5.000000e-003
872 -1.188507e-002 6.434524e-002 -5.000000e-003
873 -1.822391e-003 6.434369e-002 -5.000000e-003
874 8.258766e-003 6.421354e-002 -5.000000e-003
875 1.846724e-002 6.377593e-002 -5.000000e-003
876 2.914076e-002 6.294330e-002 -5.000000e-003
877 4.181194e-002 6.183081e-002 -5.000000e-003
878 -2.497530e-002 -5.638635e-002 -5.000000e-003
879 3.558702e-002 -5.577941e-002 -5.000000e-003
880 5.631125e-002 -1.529480e-002 -5.000000e-003
881 -5.662469e-002 -4.437962e-002 -5.000000e-003
882 5.651750e-002 -3.516540e-002 -5.000000e-003
883 -5.688609e-002 -3.429420e-002 -5.000000e-003
884 2.572458e-002 -5.554055e-002 -5.000000e-003
885 5.373295e-003 -5.610641e-002 -5.000000e-003
886 -4.823486e-003 -5.622818e-002 -5.000000e-003
887 5.630899e-002 1.506406e-002 -5.000000e-003
888 5.682846e-002 -4.490087e-002 -5.000000e-003
889 5.570434e-002 3.561502e-002 -5.000000e-003
890 4.498836e-002 5.063219e-002 -5.000000e-003
891 -4.764616e-002 5.750473e-002 -5.000000e-003
892 -4.798562e-002 -9.756462e-003 -5.000000e-003
893 -4.799326e-002 9.265369e-005 -5.000000e-003
894 -4.801691e-002 9.943322e-003 -5.000000e-003
895 -4.794543e-002 1.973041e-002 -5.000000e-003
896 -4.777785e-002 2.936745e-002 -5.000000e-003
897 -4.783440e-002 3.872154e-002 -5.000000e-003
898 -4.832907e-002 4.785913e-002 -5.000000e-003
899 4.098135e-002 -4.732865e-002 -5.000000e-003
900 -3.951560e-002 -5.060604e-002 -5.000000e-003
901 1.562581e-002 -5.576138e-002 -5.000000e-003
902 -4.838588e-002 -2.908504e-002 -5.000000e-003
903 4.932415e-002 -4.876397e-002 -5.000000e-003
904 -4.809952e-002 -1.949027e-002 -5.000000e-003
905 4.761945e-002 -4.292166e-004 -5.000000e-003
906 3.853305e-004 -4.732988e-002 -5.000000e-003
907 -3.631253e-002 5.767887e-002 -5.000000e-003
908 -2.633421e-002 5.676967e-002 -5.000000e-003
909 -1.625176e-002 5.644826e-002 -5.000000e-003
910 -6.132803e-003 5.651905e-002 -5.000000e-003
911 3.862823e-003 5.651198e-002 -5.000000e-003
912 1.379756e-002 5.618184e-002 -5.000000e-003
913 2.388941e-002 5.533333e-002 -5.000000e-003
914 3.444082e-002 5.377957e-002 -5.000000e-003
915 -4.788234e-002 -4.823954e-002 -5.000000e-003
916 4.728983e-002 -3.082340e-002 -5.000000e-003
917 5.612081e-002 2.524219e-002 -5.000000e-003
918 -9.863641e-003 -4.725754e-002 -5.000000e-003
919 1.074404e-002 -4.700033e-002 -5.000000e-003
920 4.663498e-002 4.007579e-002 -5.000000e-003
921 -3.066181e-002 -4.735753e-002 -5.000000e-003
922 4.758146e-002 9.559070e-003 -5.000000e-003
923 4.815093e-002 -4.037921e-002 -5.000000e-003
924 -4.847188e-002 -3.868366e-002 -5.000000e-003
925 -2.003354e-002 -4.718264e-002 -5.000000e-003
926 3.143246e-002 -4.609139e-002 -5.000000e-003
927 4.748463e-002 -1.062316e-002 -5.000000e-003
928 4.718699e-002 -2.084275e-002 -5.000000e-003
929 -3.913395e-002 -1.474274e-002 -5.000000e-003
930 2.123232e-002 -4.621478e-002 -5.000000e-003
931 -3.929068e-002 4.995838e-003 -5.000000e-003
932 -3.935682e-002 1.476971e-002 -5.000000e-003
933 -3.909399e-002 2.448478e-002 -5.000000e-003
934 -3.855855e-002 3.403181e-002 -5.000000e-003
935 -3.916604e-002 -4.879865e-003 -5.000000e-003
936 3.743898e-002 4.386256e-002 -5.000000e-003
937 4.738473e-002 2.972291e-002 -5.000000e-003
938 -3.153396e-002 4.917251e-002 -5.000000e-003
939 3.857985e-002 -3.753869e-002 -5.000000e-003
940 -4.026077e-002 -3.361070e-002 -5.000000e-003
941 -4.609176e-003 -3.849948e-002 -5.000000e-003
942 -2.137178e-002 4.823280e-002 -5.000000e-003
943 -1.095263e-002 4.846951e-002 -5.000000e-003
944 -9.424857e-004 4.870863e-002 -5.000000e-003
945 8.788863e-003 4.860132e-002 -5.000000e-003
946 1.833215e-002 4.796460e-002 -5.000000e-003
947 -4.018112e-002 -4.266877e-002 -5.000000e-003
948 -3.902382e-002 4.301147e-002 -5.000000e-003
949 3.884525e-002 3.377649e-002 -5.000000e-003
950 -4.058656e-002 5.107891e-002 -5.000000e-003
951 4.757546e-002 1.954421e-002 -5.000000e-003
952 -3.945574e-002 -2.438186e-002 -5.000000e-003
953 5.673656e-003 -3.849805e-002 -5.000000e-003
954 3.747945e-002 -2.688253e-002 -5.000000e-003
955 3.870123e-002 3.947062e-003 -5.000000e-003
956 -1.481220e-002 -3.787094e-002 -5.000000e-003
957 2.790963e-002 4.650693e-002 -5.000000e-003
958 3.884393e-002 -5.999429e-003 -5.000000e-003
959 -3.065931e-002 9.922462e-003 -5.000000e-003
960 3.829019e-002 -1.634147e-002 -5.000000e-003
961 -3.089600e-002 1.942245e-002 -5.000000e-003
962 -3.001579e-002 2.910151e-002 -5.000000e-003
963 -3.014859e-002 -9.926734e-003 -5.000000e-003
964 -3.101875e-002 -2.988537e-002 -5.000000e-003
965 -2.454996e-002 -3.790086e-002 -5.000000e-003
966 -2.797336e-002 3.930759e-002 -5.000000e-003
967 3.877474e-002 1.384088e-002 -5.000000e-003
968 -3.315979e-002 -3.834674e-002 -5.000000e-003
969 2.768764e-002 -3.506681e-002 -5.000000e-003
970 -1.597989e-002 4.007472e-002 -5.000000e-003
971 -5.862619e-003 4.071621e-002 -5.000000e-003
972 3.776075e-003 4.107325e-002 -5.000000e-003
973 1.299965e-002 4.063073e-002 -5.000000e-003
974 -3.002955e-002 -2.012342e-002 -5.000000e-003
975 -3.039308e-002 9.823456e-005 -5.000000e-003
976 3.055906e-002 3.739578e-002 -5.000000e-003
977 1.603738e-002 -3.777590e-002 -5.000000e-003
978 2.972215e-002 8.035625e-003 -5.000000e-003
979 8.060626e-004 -3.021813e-002 -5.000000e-003
980 -9.302887e-003 -2.934159e-002 -5.000000e-003
981 3.904803e-002 2.371471e-002 -5.000000e-003
982 2.176947e-002 3.968131e-002 -5.000000e-003
983 2.963354e-002 -2.007256e-003 -5.000000e-003
984 -2.127412e-002 -4.670182e-003 -5.000000e-003
985 -2.029147e-002 -2.700100e-002 -5.000000e-003
986 -2.317891e-002 2.346284e-002 -5.000000e-003
987 -1.999846e-002 3.138994e-002 -5.000000e-003
988 3.003047e-002 1.808109e-002 -5.000000e-003
989 1.981786e-002 -2.887595e-002 -5.000000e-003
990 1.055855e-002 -2.959253e-002 -5.000000e-003
991 2.734534e-002 -2.132311e-002 -5.000000e-003
992 -1.021761e-002 3.205850e-002 -5.000000e-003
993 -9.519682e-004 3.354335e-002 -5.000000e-003
994 8.107033e-003 3.358900e-002 -5.000000e-003
995 -2.175496e-002 5.345778e-003 -5.000000e-003
996 -2.215398e-002 1.495189e-002 -5.000000e-003
997 1.647509e-002 3.226125e-002 -5.000000e-003
998 5.649517e-003 -2.152344e-002 -5.000000e-003
999 -2.085996e-002 -1.507274e-002 -5.000000e-003
1000 -3.151437e-003 -2.245600e-002 -5.000000e-003
1001 2.099444e-002 1.231194e-002 -5.000000e-003
1002 3.099270e-002 2.768201e-002 -5.000000e-003
1003 2.029569e-002 1.627314e-003 -5.000000e-003
1004 3.062448e-002 -1.126111e-002 -5.000000e-003
1005 -1.382141e-002 2.196504e-002 -5.000000e-003
1006 1.586571e-002 -2.058948e-002 -5.000000e-003
1007 2.103237e-002 2.305378e-002 -5.000000e-003
1008 -1.339580e-002 1.105860e-002 -5.000000e-003
1009 -1.145904e-002 -1.913374e-002 -5.000000e-003
1010 -4.166062e-003 2.497779e-002 -5.000000e-003
1011 3.624330e-003 2.737251e-002 -5.000000e-003
1012 2.422797e-002 3.185829e-002 -5.000000e-003
1013 1.131843e-002 2.515917e-002 -5.000000e-003
1014 -1.268467e-002 9.794783e-004 -5.000000e-003
1015 -8.466714e-004 -1.292988e-002 -5.000000e-003
1016 1.199423e-002 6.715067e-003 -5.000000e-003
1017 2.029034e-002 -9.976264e-003 -5.000000e-003
1018 -1.168043e-002 -9.069529e-003 -5.000000e-003
1019 1.001165e-002 -1.349508e-002 -5.000000e-003
1020 1.232926e-002 1.628593e-002 -5.000000e-003
1021 3.639493e-003 1.983838e-002 -5.000000e-003
1022 -4.715189e-003 6.656185e-003 -5.000000e-003
1023 9.119060e-003 -4.058182e-003 -5.000000e-003
1024 3.650629e-003 1.153561e-002 -5.000000e-003
1025 3.497186e-003 3.300723e-003 -5.000000e-003
1026 -5.001507e-003 1.596152e-002 -5.000000e-003
1027 -2.999992e-003 -3.051150e-003 -5.000000e-003
1 102 9 4 
2 102 10 9 
3 102 11 10 
4 102 12 11 
5 102 13 12 
6 102 14 13 
7 102 15 14 
8 102 16 15 
9 102 17 16 
10 102 18 17 
11 102 19 18 
12 102 20 19 
13 102 21 20 
14 102 22 21 
15 102 23 22 
16 102 24 23 
17 102 25 24 
18 102 26 25 
19 102 27 26 
20 102 3 27 
21 102 4 28 
22 102 28 29 
23 102 29 30 
24 102 30 31 
25 102 31 32 
26 102 32 33 
27 102 33 34 
28 102 34 35 
29 102 35 36 
30 102 36 37 
31 102 37 38 
32 102 38 39 
33 102 39 40 
34 102 40 41 
35 102 41 42 
36 102 42 43 
37 102 43 44 
38 102 44 45 
39 102 45 46 
40 102 46 2 
41 102 2 47 
42 102 47 48 
43 102 48 49 
44 102 49 50 
45 102 50 51 
46 102 51 52 
47 102 52 53 
48 102 53 54 
49 102 54 55 
50 102 55 56 
51 102 56 57 
52 102 57 58 
53 102 58 59 
54 102 59 60 
55 102 60 61 
56 102 61 62 
57 102 62 63 
58 102 63 64 
59 102 64 65 
60 102 65 1 
61 102 66 3 
62 102 67 66 
63 102 68 67 
64 102 69 68 
65 102 70 69 
66 102 71 70 
67 102 72 71 
68 102 73 72 
69 102 74 73 
70 102 75 74 
71 102 76 75 
72 102 77 76 
73 102 78 77 
74 102 79 78 
75 102 80 79 
76 102 81 80 
77 102 82 81 
78 102 83 82 
79 102 84 83 
80 102 1 84 
81 102 85 8 
82 102 86 85 
83 102 87 86 
84 102 88 87 
85 102 89 88 
86 102 90 89 
87 102 91 90 
88 102 92 91 
89 102 93 92 
90 102 94 93 
91 102 95 94 
92 102 96 95 
93 102 97 96 
94 102 98 97 
95 102 99 98 
96 102 100 99 
97 102 101 100 
98 102 102 101 
99 102 103 102 
100 102 7 103 
101 102 8 104 
102 102 104 105 
103 102 105 106 
104 102 106 107 
105 102 107 108 
106 102 108 109 
107 102 109 110 
108 102 110 111 
109 102 111 112 
110 102 112 113 
111 102 113 114 
112 102 114 115 
113 102 115 116 
114 102 116 117 
115 102 117 118 
116 102 118 119 
117 102 119 120 
118 102 120 121 
119 102 121 122 
120 102 122 6 
121 102 6 123 
122 102 123 124 
123 102 124 125 
124 102 125 126 
125 102 126 127 
126 102 127 128 
127 102 128 129 
128 102 129 130 
129 102 130 131 
130 102 131 132 
131 102 132 133 
132 102 133 134 
133 102 134 135 
134 102 135 136 
135 102 136 137 
136 102 137 138 
137 102 138 139 
138 102 139 140 
139 102 140 141 
140 102 141 5 
141 102 142 7 
142 102 143 142 
143 102 144 143 
144 102 145 144 
145 102 146 145 
146 102 147 146 
147 102 148 147 
148 102 149 148 
149 102 150 149 
150 102 151 150 
151 102 152 151 
152 102 153 152 
153 102 154 153 
154 102 155 154 
155 102 156 155 
156 102 157 156 
157 102 158 157 
158 102 159 158 
159 102 160 159 
160 102 5 160 
161 203 9 4 28 
162 203 10 9 161 
163 203 11 10 162 
164 203 10 161 162 
165 203 12 11 163 
166 203 11 162 163 
167 203 13 12 164 
168 203 12 163 164 
169 203 14 13 165 
170 203 13 164 165 
171 203 15 14 166 
172 203 14 165 166 
173 203 16 15 167 
174 203 15 166 167 
175 203 17 16 168 
176 203 16 167 168 
177 203 18 17 169 
178 203 17 168 169 
179 203 19 18 170 
180 203 18 169 170 
181 203 20 19 171 
182 203 19 170 171 
183 203 21 20 172 
184 203 20 171 172 
185 203 22 21 173 
186 203 21 172 173 
187 203 23 22 174 
188 203 22 173 174 
189 203 24 23 175 
190 203 23 174 175 
191 203 25 24 176 
192 203 24 175 176 
193 203 26 25 177 
194 203 25 176 177 
195 203 27 26 178 
196 203 26 177 178 
197 203 3 27 179 
198 203 66 3 179 
199 203 27 178 179 
200 203 28 29 180 
201 203 30 31 181 
202 203 32 33 182 
203 203 34 35 183 
204 203 36 37 184 
205 203 38 39 185 
206 203 40 41 186 
207 203 42 43 187 
208 203 44 45 188 
209 203 46 2 47 
210 203 47 48 189 
211 203 49 50 190 
212 203 51 52 191 
213 203 53 54 192 
214 203 55 56 193 
215 203 57 58 194 
216 203 59 60 195 
217 203 61 62 196 
218 203 63 64 197 
219 203 65 1 84 
220 203 67 66 198 
221 203 66 179 198 
222 203 68 67 199 
223 203 67 198 199 
224 203 69 68 200 
225 203 68 199 200 
226 203 70 69 201 
227 203 69 200 201 
228 203 71 70 202 
229 203 70 201 202 
230 203 72 71 203 
231 203 71 202 203 
232 203 73 72 204 
233 203 72 203 204 
234 203 74 73 205 
235 203 73 204 205 
236 203 75 74 206 
237 203 74 205 206 
238 203 76 75 207 
239 203 75 206 207 
240 203 77 76 208 
241 203 76 207 208 
242 203 78 77 209 
243 203 77 208 209 
244 203 79 78 210 
245 203 78 209 210 
246 203 80 79 211 
247 203 79 210 211 
248 203 81 80 212 
249 203 80 211 212 
250 203 82 81 213 
251 203 81 212 213 
252 203 83 82 214 
253 203 82 213 214 
254 203 84 83 215 
255 203 65 84 215 
256 203 83 214 215 
257 203 46 47 189 
258 203 65 215 64 
259 203 29 30 216 
260 203 31 32 217 
261 203 33 34 218 
262 203 35 36 219 
263 203 37 38 220 
264 203 39 40 221 
265 203 41 42 222 
266 203 43 44 223 
267 203 217 32 182 
268 203 45 46 224 
269 203 64 215 197 
270 203 48 49 225 
271 203 50 51 226 
272 203 52 53 227 
273 203 54 55 228 
274 203 56 57 229 
275 203 58 59 230 
276 203 60 61 231 
277 203 62 63 232 
278 203 218 34 183 
279 203 29 216 180 
280 203 219 36 184 
281 203 9 28 180 
282 203 182 33 218 
283 203 183 35 219 
284 203 184 37 220 
285 203 185 39 221 
286 203 186 41 222 
287 203 187 43 223 
288 203 188 45 224 
289 203 190 50 226 
290 203 191 52 227 
291 203 192 54 228 
292 203 193 56 229 
293 203 194 58 230 
294 203 195 60 231 
295 203 196 62 232 
296 203 48 225 189 
297 203 220 38 185 
298 203 221 40 186 
299 203 222 42 187 
300 203 223 44 188 
301 203 226 51 191 
302 203 227 53 192 
303 203 228 55 193 
304 203 229 57 194 
305 203 230 59 195 
306 203 231 61 196 
307 203 232 63 197 
308 203 216 30 181 
309 203 31 217 181 
310 203 225 49 190 
311 203 161 9 180 
312 203 182 218 233 
313 203 163 162 234 
314 203 164 163 235 
315 203 163 234 235 
316 203 165 164 236 
317 203 164 235 236 
318 203 166 165 237 
319 203 165 236 237 
320 203 167 166 238 
321 203 166 237 238 
322 203 168 167 239 
323 203 167 238 239 
324 203 169 168 240 
325 203 168 239 240 
326 203 170 169 241 
327 203 169 240 241 
328 203 171 170 242 
329 203 170 241 242 
330 203 172 171 243 
331 203 171 242 243 
332 203 173 172 244 
333 203 172 243 244 
334 203 174 173 245 
335 203 173 244 245 
336 203 175 174 246 
337 203 174 245 246 
338 203 176 175 247 
339 203 175 246 247 
340 203 177 176 248 
341 203 176 247 248 
342 203 178 177 249 
343 203 177 248 249 
344 203 179 178 250 
345 203 198 179 250 
346 203 178 249 250 
347 203 225 190 251 
348 203 181 217 252 
349 203 183 219 253 
350 203 180 216 254 
351 203 184 220 255 
352 203 185 221 256 
353 203 186 222 257 
354 203 187 223 258 
355 203 188 224 259 
356 203 226 191 260 
357 203 217 182 261 
358 203 182 233 261 
359 203 224 46 189 
360 203 197 215 262 
361 203 215 214 262 
362 203 220 185 263 
363 203 255 220 263 
364 203 185 256 263 
365 203 161 180 254 
366 203 227 192 264 
367 203 228 193 265 
368 203 229 194 266 
369 203 230 195 267 
370 203 231 196 268 
371 203 232 197 269 
372 203 197 262 269 
373 203 216 181 270 
374 203 181 252 270 
375 203 218 183 271 
376 203 183 253 271 
377 203 219 184 272 
378 203 184 255 272 
379 203 199 198 273 
380 203 198 250 273 
381 203 200 199 274 
382 203 199 273 274 
383 203 201 200 275 
384 203 200 274 275 
385 203 202 201 276 
386 203 201 275 276 
387 203 203 202 277 
388 203 202 276 277 
389 203 204 203 278 
390 203 203 277 278 
391 203 205 204 279 
392 203 204 278 279 
393 203 206 205 280 
394 203 205 279 280 
395 203 207 206 281 
396 203 206 280 281 
397 203 208 207 282 
398 203 207 281 282 
399 203 209 208 283 
400 203 208 282 283 
401 203 210 209 284 
402 203 209 283 284 
403 203 211 210 285 
404 203 210 284 285 
405 203 212 211 286 
406 203 211 285 286 
407 203 213 212 287 
408 203 212 286 287 
409 203 162 161 254 
410 203 224 189 259 
411 203 233 218 271 
412 203 162 254 234 
413 203 225 251 259 
414 203 252 217 261 
415 203 253 219 272 
416 203 190 226 288 
417 203 259 189 225 
418 203 221 186 289 
419 203 222 187 290 
420 203 223 188 291 
421 203 226 260 288 
422 203 266 194 292 
423 203 194 230 292 
424 203 221 289 256 
425 203 264 192 293 
426 203 192 228 293 
427 203 191 227 294 
428 203 228 265 293 
429 203 191 294 260 
430 203 193 229 295 
431 203 230 267 292 
432 203 195 231 296 
433 203 232 269 196 
434 203 289 186 257 
435 203 251 190 288 
436 203 214 213 297 
437 203 216 270 254 
438 203 268 196 269 
439 203 193 295 265 
440 203 258 223 291 
441 203 257 222 290 
442 203 291 188 259 
443 203 290 187 258 
444 203 195 296 267 
445 203 294 227 264 
446 203 295 229 266 
447 203 296 231 268 
448 203 252 261 298 
449 203 236 235 299 
450 203 237 236 300 
451 203 236 299 300 
452 203 238 237 301 
453 203 237 300 301 
454 203 239 238 302 
455 203 238 301 302 
456 203 240 239 303 
457 203 239 302 303 
458 203 241 240 304 
459 203 240 303 304 
460 203 242 241 305 
461 203 241 304 305 
462 203 243 242 306 
463 203 242 305 306 
464 203 244 243 307 
465 203 243 306 307 
466 203 245 244 308 
467 203 244 307 308 
468 203 246 245 309 
469 203 245 308 309 
470 203 247 246 310 
471 203 246 309 310 
472 203 248 247 311 
473 203 247 310 311 
474 203 249 248 312 
475 203 248 311 312 
476 203 250 249 313 
477 203 273 250 313 
478 203 249 312 313 
479 203 266 292 314 
480 203 214 297 262 
481 203 295 266 315 
482 203 266 314 315 
483 203 213 287 297 
484 203 251 288 316 
485 203 267 296 317 
486 203 257 290 318 
487 203 253 272 319 
488 203 294 264 320 
489 203 260 294 321 
490 203 294 320 321 
491 203 293 265 322 
492 203 292 267 323 
493 203 314 292 323 
494 203 267 317 323 
495 203 256 289 324 
496 203 265 295 325 
497 203 295 315 325 
498 203 289 257 326 
499 203 257 318 326 
500 203 270 252 327 
501 203 252 298 327 
502 203 271 253 328 
503 203 253 319 328 
504 203 274 273 329 
505 203 273 313 329 
506 203 275 274 330 
507 203 274 329 330 
508 203 276 275 331 
509 203 275 330 331 
510 203 277 276 332 
511 203 276 331 332 
512 203 278 277 333 
513 203 277 332 333 
514 203 279 278 334 
515 203 278 333 334 
516 203 280 279 335 
517 203 279 334 335 
518 203 281 280 336 
519 203 280 335 336 
520 203 282 281 337 
521 203 281 336 337 
522 203 283 282 338 
523 203 282 337 338 
524 203 284 283 339 
525 203 283 338 339 
526 203 285 284 340 
527 203 284 339 340 
528 203 286 285 341 
529 203 285 340 341 
530 203 254 270 342 
531 203 234 254 342 
532 203 270 327 342 
533 203 269 262 343 
534 203 233 271 344 
535 203 271 328 344 
536 203 264 293 345 
537 203 293 322 345 
538 203 258 291 346 
539 203 268 269 347 
540 203 262 297 343 
541 203 259 251 348 
542 203 297 287 349 
543 203 318 290 350 
544 203 290 258 350 
545 203 259 348 291 
546 203 348 251 316 
547 203 235 234 351 
548 203 317 296 352 
549 203 296 268 352 
550 203 320 264 345 
551 203 269 343 347 
552 203 291 348 346 
553 203 288 260 353 
554 203 319 272 354 
555 203 272 255 354 
556 203 258 346 350 
557 203 260 321 353 
558 203 289 326 324 
559 203 263 256 355 
560 203 256 324 355 
561 203 322 265 325 
562 203 299 235 351 
563 203 287 286 349 
564 203 255 263 356 
565 203 263 355 356 
566 203 261 233 357 
567 203 255 356 354 
568 203 288 353 316 
569 203 268 347 352 
570 203 351 234 342 
571 203 261 357 298 
572 203 357 233 344 
573 203 297 349 343 
574 203 298 357 358 
575 203 318 350 359 
576 203 301 300 360 
577 203 302 301 361 
578 203 301 360 361 
579 203 303 302 362 
580 203 302 361 362 
581 203 304 303 363 
582 203 303 362 363 
583 203 305 304 364 
584 203 304 363 364 
585 203 306 305 365 
586 203 305 364 365 
587 203 307 306 366 
588 203 306 365 366 
589 203 308 307 367 
590 203 307 366 367 
591 203 309 308 368 
592 203 308 367 368 
593 203 310 309 369 
594 203 309 368 369 
595 203 311 310 370 
596 203 310 369 370 
597 203 312 311 371 
598 203 311 370 371 
599 203 313 312 372 
600 203 329 313 372 
601 203 312 371 372 
602 203 351 342 373 
603 203 342 327 373 
604 203 315 314 374 
605 203 317 352 375 
606 203 321 320 376 
607 203 322 325 377 
608 203 348 316 346 
609 203 316 353 378 
610 203 324 326 379 
611 203 319 354 380 
612 203 325 315 381 
613 203 315 374 381 
614 203 299 351 382 
615 203 351 373 382 
616 203 347 343 383 
617 203 326 318 384 
618 203 318 359 384 
619 203 327 298 385 
620 203 373 327 385 
621 203 298 358 385 
622 203 328 319 386 
623 203 319 380 386 
624 203 330 329 387 
625 203 329 372 387 
626 203 331 330 388 
627 203 330 387 388 
628 203 332 331 389 
629 203 331 388 389 
630 203 333 332 390 
631 203 332 389 390 
632 203 334 333 391 
633 203 333 390 391 
634 203 335 334 392 
635 203 334 391 392 
636 203 336 335 393 
637 203 335 392 393 
638 203 337 336 394 
639 203 336 393 394 
640 203 338 337 395 
641 203 337 394 395 
642 203 339 338 396 
643 203 338 395 396 
644 203 340 339 397 
645 203 339 396 397 
646 203 341 340 398 
647 203 340 397 398 
648 203 344 328 399 
649 203 328 386 399 
650 203 353 321 400 
651 203 321 376 400 
652 203 345 322 401 
653 203 322 377 401 
654 203 346 316 378 
655 203 347 383 402 
656 203 375 352 402 
657 203 374 314 403 
658 203 314 323 403 
659 203 352 347 402 
660 203 378 353 400 
661 203 286 341 349 
662 203 325 381 377 
663 203 355 324 404 
664 203 324 379 404 
665 203 300 299 405 
666 203 380 354 406 
667 203 354 356 406 
668 203 320 345 407 
669 203 357 344 408 
670 203 383 343 409 
671 203 343 349 409 
672 203 326 384 379 
673 203 350 346 410 
674 203 360 300 405 
675 203 299 382 405 
676 203 356 355 411 
677 203 406 356 411 
678 203 355 404 411 
679 203 359 350 410 
680 203 320 407 376 
681 203 323 317 412 
682 203 403 323 412 
683 203 317 375 412 
684 203 408 344 399 
685 203 407 345 401 
686 203 357 408 358 
687 203 341 398 349 
688 203 375 402 413 
689 203 362 361 414 
690 203 363 362 415 
691 203 362 414 415 
692 203 364 363 416 
693 203 363 415 416 
694 203 365 364 417 
695 203 364 416 417 
696 203 366 365 418 
697 203 365 417 418 
698 203 367 366 419 
699 203 366 418 419 
700 203 368 367 420 
701 203 367 419 420 
702 203 369 368 421 
703 203 368 420 421 
704 203 370 369 422 
705 203 369 421 422 
706 203 371 370 423 
707 203 370 422 423 
708 203 408 399 424 
709 203 358 408 425 
710 203 408 424 425 
711 203 346 378 410 
712 203 402 383 426 
713 203 405 382 427 
714 203 407 401 428 
715 203 384 359 429 
716 203 381 374 430 
717 203 380 406 431 
718 203 382 373 385 
719 203 383 409 426 
720 203 386 380 432 
721 203 380 431 432 
722 203 360 405 433 
723 203 405 427 433 
724 203 377 381 434 
725 203 381 430 434 
726 203 388 387 435 
727 203 389 388 436 
728 203 388 435 436 
729 203 390 389 437 
730 203 389 436 437 
731 203 391 390 438 
732 203 390 437 438 
733 203 392 391 439 
734 203 391 438 439 
735 203 393 392 440 
736 203 392 439 440 
737 203 394 393 441 
738 203 393 440 441 
739 203 395 394 442 
740 203 394 441 442 
741 203 396 395 443 
742 203 395 442 443 
743 203 397 396 444 
744 203 396 443 444 
745 203 399 386 445 
746 203 424 399 445 
747 203 386 432 445 
748 203 400 376 446 
749 203 379 384 447 
750 203 384 429 447 
751 203 401 377 448 
752 203 428 401 448 
753 203 377 434 448 
754 203 376 407 449 
755 203 407 428 449 
756 203 378 400 450 
757 203 410 378 450 
758 203 400 446 450 
759 203 359 410 450 
760 203 426 409 444 
761 203 446 376 449 
762 203 361 360 451 
763 203 358 425 427 
764 203 427 382 385 
765 203 359 450 429 
766 203 361 451 414 
767 203 431 406 452 
768 203 406 411 452 
769 203 404 379 453 
770 203 379 447 453 
771 203 360 433 451 
772 203 402 426 413 
773 203 385 358 427 
774 203 387 372 423 
775 203 435 387 423 
776 203 430 374 454 
777 203 374 403 454 
778 203 412 375 455 
779 203 375 413 455 
780 203 446 449 456 
781 203 416 415 457 
782 203 417 416 458 
783 203 416 457 458 
784 203 418 417 459 
785 203 417 458 459 
786 203 419 418 460 
787 203 418 459 460 
788 203 420 419 461 
789 203 419 460 461 
790 203 421 420 462 
791 203 420 461 462 
792 203 422 421 463 
793 203 421 462 463 
794 203 423 422 464 
795 203 435 423 464 
796 203 422 463 464 
797 203 413 426 465 
798 203 372 371 423 
799 203 425 424 466 
800 203 426 444 465 
801 203 429 450 446 
802 203 436 435 464 
803 203 432 431 467 
804 203 434 430 468 
805 203 397 444 409 
806 203 437 436 469 
807 203 438 437 470 
808 203 437 469 470 
809 203 439 438 471 
810 203 438 470 471 
811 203 440 439 472 
812 203 439 471 472 
813 203 441 440 473 
814 203 440 472 473 
815 203 442 441 474 
816 203 441 473 474 
817 203 443 442 475 
818 203 442 474 475 
819 203 444 443 476 
820 203 465 444 476 
821 203 443 475 476 
822 203 447 429 477 
823 203 411 404 478 
824 203 404 453 478 
825 203 451 433 479 
826 203 414 451 480 
827 203 451 479 480 
828 203 403 412 481 
829 203 454 403 481 
830 203 412 455 481 
831 203 409 349 398 
832 203 413 465 482 
833 203 413 482 455 
834 203 427 425 483 
835 203 466 424 484 
836 203 424 445 484 
837 203 483 425 466 
838 203 409 398 397 
839 203 452 411 478 
840 203 453 447 485 
841 203 447 477 485 
842 203 428 448 486 
843 203 468 430 487 
844 203 430 454 487 
845 203 415 414 488 
846 203 467 431 489 
847 203 431 452 489 
848 203 457 415 488 
849 203 449 428 490 
850 203 429 446 491 
851 203 433 427 483 
852 203 469 436 464 
853 203 445 432 492 
854 203 432 467 492 
855 203 479 433 483 
856 203 414 480 488 
857 203 448 434 493 
858 203 486 448 493 
859 203 434 468 493 
860 203 456 449 490 
861 203 428 486 490 
862 203 482 465 494 
863 203 465 476 494 
864 203 455 482 495 
865 203 479 483 496 
866 203 483 466 496 
867 203 459 458 497 
868 203 460 459 498 
869 203 459 497 498 
870 203 461 460 499 
871 203 460 498 499 
872 203 462 461 500 
873 203 461 499 500 
874 203 463 462 501 
875 203 462 500 501 
876 203 480 479 502 
877 203 479 496 502 
878 203 490 486 503 
879 203 477 429 491 
880 203 470 469 504 
881 203 457 488 505 
882 203 491 446 456 
883 203 456 490 506 
884 203 490 503 506 
885 203 488 480 507 
886 203 505 488 507 
887 203 480 502 507 
888 203 471 470 508 
889 203 470 504 508 
890 203 472 471 509 
891 203 471 508 509 
892 203 473 472 510 
893 203 472 509 510 
894 203 474 473 511 
895 203 473 510 511 
896 203 475 474 512 
897 203 474 511 512 
898 203 478 453 513 
899 203 453 485 513 
900 203 458 457 514 
901 203 457 505 514 
902 203 491 456 506 
903 203 495 482 515 
904 203 482 494 515 
905 203 466 484 496 
906 203 497 458 514 
907 203 464 463 469 
908 203 503 486 516 
909 203 486 493 516 
910 203 489 452 517 
911 203 452 478 517 
912 203 477 491 518 
913 203 485 477 518 
914 203 491 506 518 
915 203 504 469 501 
916 203 468 487 519 
917 203 463 501 469 
918 203 467 489 520 
919 203 478 513 517 
920 203 484 445 492 
921 203 492 467 521 
922 203 467 520 521 
923 203 455 495 481 
924 203 476 475 522 
925 203 494 476 522 
926 203 475 512 522 
927 203 487 454 523 
928 203 454 481 523 
929 203 493 468 524 
930 203 468 519 524 
931 203 499 498 525 
932 203 500 499 526 
933 203 499 525 526 
934 203 501 500 527 
935 203 504 501 527 
936 203 500 526 527 
937 203 502 496 528 
938 203 519 487 529 
939 203 487 523 529 
940 203 520 489 530 
941 203 489 517 530 
942 203 506 503 531 
943 203 496 484 528 
944 203 509 508 532 
945 203 510 509 533 
946 203 509 532 533 
947 203 511 510 534 
948 203 510 533 534 
949 203 512 511 535 
950 203 511 534 535 
951 203 513 485 536 
952 203 514 505 537 
953 203 481 495 523 
954 203 508 504 538 
955 203 532 508 538 
956 203 504 527 538 
957 203 497 514 539 
958 203 514 537 539 
959 203 520 530 540 
960 203 519 529 541 
961 203 516 493 524 
962 203 484 492 542 
963 203 518 506 531 
964 203 531 503 543 
965 203 503 516 543 
966 203 498 497 544 
967 203 484 542 528 
968 203 517 513 545 
969 203 515 494 546 
970 203 494 522 546 
971 203 517 545 530 
972 203 507 502 547 
973 203 502 528 547 
974 203 537 505 548 
975 203 505 507 548 
976 203 485 518 536 
977 203 521 520 549 
978 203 520 540 549 
979 203 522 512 550 
980 203 546 522 550 
981 203 512 535 550 
982 203 523 495 551 
983 203 529 523 551 
984 203 495 515 551 
985 203 524 519 552 
986 203 519 541 552 
987 203 525 498 544 
988 203 492 521 542 
989 203 544 497 539 
990 203 545 513 536 
991 203 536 518 531 
992 203 525 544 553 
993 203 527 526 538 
994 203 516 524 554 
995 203 543 516 554 
996 203 524 552 554 
997 203 545 536 555 
998 203 536 531 555 
999 203 528 542 556 
1000 203 547 528 556 
1001 203 542 521 556 
1002 203 539 537 557 
1003 203 533 532 558 
1004 203 534 533 559 
1005 203 533 558 559 
1006 203 535 534 560 
1007 203 534 559 560 
1008 203 526 525 561 
1009 203 525 553 561 
1010 203 541 529 562 
1011 203 529 551 562 
1012 203 540 530 563 
1013 203 530 545 563 
1014 203 553 544 564 
1015 203 544 539 564 
1016 203 538 526 561 
1017 203 552 541 565 
1018 203 555 531 543 
1019 203 507 547 548 
1020 203 556 521 549 
1021 203 551 515 566 
1022 203 562 551 566 
1023 203 515 546 566 
1024 203 557 537 567 
1025 203 537 548 567 
1026 203 549 540 568 
1027 203 550 535 569 
1028 203 535 560 569 
1029 203 539 557 564 
1030 203 563 545 555 
1031 203 565 541 570 
1032 203 541 562 570 
1033 203 568 540 571 
1034 203 540 563 571 
1035 203 549 568 572 
1036 203 555 543 573 
1037 203 559 558 574 
1038 203 547 556 575 
1039 203 558 532 561 
1040 203 548 547 575 
1041 203 564 557 576 
1042 203 560 559 577 
1043 203 559 574 577 
1044 203 546 550 578 
1045 203 566 546 578 
1046 203 550 569 578 
1047 203 563 555 573 
1048 203 553 564 579 
1049 203 564 576 579 
1050 203 532 538 561 
1051 203 558 561 580 
1052 203 574 558 580 
1053 203 561 553 580 
1054 203 571 563 573 
1055 203 553 579 580 
1056 203 554 552 581 
1057 203 552 565 581 
1058 203 568 571 582 
1059 203 548 575 567 
1060 203 569 560 583 
1061 203 560 577 583 
1062 203 576 557 584 
1063 203 557 567 584 
1064 203 556 549 575 
1065 203 568 582 584 
1066 203 562 566 585 
1067 203 570 562 585 
1068 203 566 578 585 
1069 203 543 554 573 
1070 203 565 570 586 
1071 203 581 565 587 
1072 203 565 586 587 
1073 203 568 584 572 
1074 203 577 574 588 
1075 203 573 554 581 
1076 203 574 580 589 
1077 203 588 574 589 
1078 203 580 579 589 
1079 203 584 567 572 
1080 203 575 549 572 
1081 203 584 582 590 
1082 203 576 584 590 
1083 203 572 567 575 
1084 203 586 570 583 
1085 203 579 576 591 
1086 203 589 579 591 
1087 203 576 590 591 
1088 203 573 581 592 
1089 203 582 571 593 
1090 203 592 581 587 
1091 203 583 570 585 
1092 203 578 569 585 
1093 203 569 583 585 
1094 203 587 586 594 
1095 203 594 586 588 
1096 203 582 593 595 
1097 203 588 589 594 
1098 203 583 577 588 
1099 203 590 582 595 
1100 203 587 594 595 
1101 203 588 586 583 
1102 203 595 594 590 
1103 203 592 587 595 
1104 203 571 573 593 
1105 203 590 594 591 
1106 203 594 589 591 
1107 203 595 593 592 
1108 203 573 592 593 
1109 203 85 8 104 
1110 203 86 85 596 
1111 203 87 86 597 
1112 203 86 596 597 
1113 203 88 87 598 
1114 203 87 597 598 
1115 203 89 88 599 
1116 203 88 598 599 
1117 203 90 89 600 
1118 203 89 599 600 
1119 203 91 90 601 
1120 203 90 600 601 
1121 203 92 91 602 
1122 203 91 601 602 
1123 203 93 92 603 
1124 203 92 602 603 
1125 203 94 93 604 
1126 203 93 603 604 
1127 203 95 94 605 
1128 203 94 604 605 
1129 203 96 95 606 
1130 203 95 605 606 
1131 203 97 96 607 
1132 203 96 606 607 
1133 203 98 97 608 
1134 203 97 607 608 
1135 203 99 98 609 
1136 203 98 608 609 
1137 203 100 99 610 
1138 203 99 609 610 
1139 203 101 100 611 
1140 203 100 610 611 
1141 203 102 101 612 
1142 203 101 611 612 
1143 203 103 102 613 
1144 203 102 612 613 
1145 203 7 103 614 
1146 203 142 7 614 
1147 203 103 613 614 
1148 203 104 105 615 
1149 203 106 107 616 
1150 203 108 109 617 
1151 203 110 111 618 
1152 203 112 113 619 
1153 203 114 115 620 
1154 203 116 117 621 
1155 203 118 119 622 
1156 203 120 121 623 
1157 203 122 6 123 
1158 203 123 124 624 
1159 203 125 126 625 
1160 203 127 128 626 
1161 203 129 130 627 
1162 203 131 132 628 
1163 203 133 134 629 
1164 203 135 136 630 
1165 203 137 138 631 
1166 203 139 140 632 
1167 203 141 5 160 
1168 203 143 142 633 
1169 203 142 614 633 
1170 203 144 143 634 
1171 203 143 633 634 
1172 203 145 144 635 
1173 203 144 634 635 
1174 203 146 145 636 
1175 203 145 635 636 
1176 203 147 146 637 
1177 203 146 636 637 
1178 203 148 147 638 
1179 203 147 637 638 
1180 203 149 148 639 
1181 203 148 638 639 
1182 203 150 149 640 
1183 203 149 639 640 
1184 203 151 150 641 
1185 203 150 640 641 
1186 203 152 151 642 
1187 203 151 641 642 
1188 203 153 152 643 
1189 203 152 642 643 
1190 203 154 153 644 
1191 203 153 643 644 
1192 203 155 154 645 
1193 203 154 644 645 
1194 203 156 155 646 
1195 203 155 645 646 
1196 203 157 156 647 
1197 203 156 646 647 
1198 203 158 157 648 
1199 203 157 647 648 
1200 203 159 158 649 
1201 203 158 648 649 
1202 203 160 159 650 
1203 203 141 160 650 
1204 203 159 649 650 
1205 203 122 123 624 
1206 203 141 650 140 
1207 203 105 106 651 
1208 203 107 108 652 
1209 203 109 110 653 
1210 203 111 112 654 
1211 203 113 114 655 
1212 203 115 116 656 
1213 203 117 118 657 
1214 203 119 120 658 
1215 203 652 108 617 
1216 203 121 122 659 
1217 203 140 650 632 
1218 203 124 125 660 
1219 203 126 127 661 
1220 203 128 129 662 
1221 203 130 131 663 
1222 203 132 133 664 
1223 203 134 135 665 
1224 203 136 137 666 
1225 203 138 139 667 
1226 203 653 110 618 
1227 203 105 651 615 
1228 203 654 112 619 
1229 203 85 104 615 
1230 203 617 109 653 
1231 203 618 111 654 
1232 203 619 113 655 
1233 203 620 115 656 
1234 203 621 117 657 
1235 203 622 119 658 
1236 203 623 121 659 
1237 203 625 126 661 
1238 203 626 128 662 
1239 203 627 130 663 
1240 203 628 132 664 
1241 203 629 134 665 
1242 203 630 136 666 
1243 203 631 138 667 
1244 203 124 660 624 
1245 203 655 114 620 
1246 203 656 116 621 
1247 203 657 118 622 
1248 203 658 120 623 
1249 203 661 127 626 
1250 203 662 129 627 
1251 203 663 131 628 
1252 203 664 133 629 
1253 203 665 135 630 
1254 203 666 137 631 
1255 203 667 139 632 
1256 203 651 106 616 
1257 203 107 652 616 
1258 203 660 125 625 
1259 203 596 85 615 
1260 203 617 653 668 
1261 203 598 597 669 
1262 203 599 598 670 
1263 203 598 669 670 
1264 203 600 599 671 
1265 203 599 670 671 
1266 203 601 600 672 
1267 203 600 671 672 
1268 203 602 601 673 
1269 203 601 672 673 
1270 203 603 602 674 
1271 203 602 673 674 
1272 203 604 603 675 
1273 203 603 674 675 
1274 203 605 604 676 
1275 203 604 675 676 
1276 203 606 605 677 
1277 203 605 676 677 
1278 203 607 606 678 
1279 203 606 677 678 
1280 203 608 607 679 
1281 203 607 678 679 
1282 203 609 608 680 
1283 203 608 679 680 
1284 203 610 609 681 
1285 203 609 680 681 
1286 203 611 610 682 
1287 203 610 681 682 
1288 203 612 611 683 
1289 203 611 682 683 
1290 203 613 612 684 
1291 203 612 683 684 
1292 203 614 613 685 
1293 203 633 614 685 
1294 203 613 684 685 
1295 203 660 625 686 
1296 203 616 652 687 
1297 203 618 654 688 
1298 203 615 651 689 
1299 203 619 655 690 
1300 203 620 656 691 
1301 203 621 657 692 
1302 203 622 658 693 
1303 203 623 659 694 
1304 203 661 626 695 
1305 203 652 617 696 
1306 203 617 668 696 
1307 203 659 122 624 
1308 203 632 650 697 
1309 203 650 649 697 
1310 203 655 620 698 
1311 203 690 655 698 
1312 203 620 691 698 
1313 203 596 615 689 
1314 203 662 627 699 
1315 203 663 628 700 
1316 203 664 629 701 
1317 203 665 630 702 
1318 203 666 631 703 
1319 203 667 632 704 
1320 203 632 697 704 
1321 203 651 616 705 
1322 203 616 687 705 
1323 203 653 618 706 
1324 203 618 688 706 
1325 203 654 619 707 
1326 203 619 690 707 
1327 203 634 633 708 
1328 203 633 685 708 
1329 203 635 634 709 
1330 203 634 708 709 
1331 203 636 635 710 
1332 203 635 709 710 
1333 203 637 636 711 
1334 203 636 710 711 
1335 203 638 637 712 
1336 203 637 711 712 
1337 203 639 638 713 
1338 203 638 712 713 
1339 203 640 639 714 
1340 203 639 713 714 
1341 203 641 640 715 
1342 203 640 714 715 
1343 203 642 641 716 
1344 203 641 715 716 
1345 203 643 642 717 
1346 203 642 716 717 
1347 203 644 643 718 
1348 203 643 717 718 
1349 203 645 644 719 
1350 203 644 718 719 
1351 203 646 645 720 
1352 203 645 719 720 
1353 203 647 646 721 
1354 203 646 720 721 
1355 203 648 647 722 
1356 203 647 721 722 
1357 203 597 596 689 
1358 203 659 624 694 
1359 203 668 653 706 
1360 203 597 689 669 
1361 203 660 686 694 
1362 203 687 652 696 
1363 203 688 654 707 
1364 203 625 661 723 
1365 203 694 624 660 
1366 203 656 621 724 
1367 203 657 622 725 
1368 203 658 623 726 
1369 203 661 695 723 
1370 203 701 629 727 
1371 203 629 665 727 
1372 203 656 724 691 
1373 203 699 627 728 
1374 203 627 663 728 
1375 203 626 662 729 
1376 203 663 700 728 
1377 203 626 729 695 
1378 203 628 664 730 
1379 203 665 702 727 
1380 203 630 666 731 
1381 203 667 704 631 
1382 203 724 621 692 
1383 203 686 625 723 
1384 203 649 648 732 
1385 203 651 705 689 
1386 203 703 631 704 
1387 203 628 730 700 
1388 203 693 658 726 
1389 203 692 657 725 
1390 203 726 623 694 
1391 203 725 622 693 
1392 203 630 731 702 
1393 203 729 662 699 
1394 203 730 664 701 
1395 203 731 666 703 
1396 203 687 696 733 
1397 203 671 670 734 
1398 203 672 671 735 
1399 203 671 734 735 
1400 203 673 672 736 
1401 203 672 735 736 
1402 203 674 673 737 
1403 203 673 736 737 
1404 203 675 674 738 
1405 203 674 737 738 
1406 203 676 675 739 
1407 203 675 738 739 
1408 203 677 676 740 
1409 203 676 739 740 
1410 203 678 677 741 
1411 203 677 740 741 
1412 203 679 678 742 
1413 203 678 741 742 
1414 203 680 679 743 
1415 203 679 742 743 
1416 203 681 680 744 
1417 203 680 743 744 
1418 203 682 681 745 
1419 203 681 744 745 
1420 203 683 682 746 
1421 203 682 745 746 
1422 203 684 683 747 
1423 203 683 746 747 
1424 203 685 684 748 
1425 203 708 685 748 
1426 203 684 747 748 
1427 203 701 727 749 
1428 203 649 732 697 
1429 203 730 701 750 
1430 203 701 749 750 
1431 203 648 722 732 
1432 203 686 723 751 
1433 203 702 731 752 
1434 203 692 725 753 
1435 203 688 707 754 
1436 203 729 699 755 
1437 203 695 729 756 
1438 203 729 755 756 
1439 203 728 700 757 
1440 203 727 702 758 
1441 203 749 727 758 
1442 203 702 752 758 
1443 203 691 724 759 
1444 203 700 730 760 
1445 203 730 750 760 
1446 203 724 692 761 
1447 203 692 753 761 
1448 203 705 687 762 
1449 203 687 733 762 
1450 203 706 688 763 
1451 203 688 754 763 
1452 203 709 708 764 
1453 203 708 748 764 
1454 203 710 709 765 
1455 203 709 764 765 
1456 203 711 710 766 
1457 203 710 765 766 
1458 203 712 711 767 
1459 203 711 766 767 
1460 203 713 712 768 
1461 203 712 767 768 
1462 203 714 713 769 
1463 203 713 768 769 
1464 203 715 714 770 
1465 203 714 769 770 
1466 203 716 715 771 
1467 203 715 770 771 
1468 203 717 716 772 
1469 203 716 771 772 
1470 203 718 717 773 
1471 203 717 772 773 
1472 203 719 718 774 
1473 203 718 773 774 
1474 203 720 719 775 
1475 203 719 774 775 
1476 203 721 720 776 
1477 203 720 775 776 
1478 203 689 705 777 
1479 203 669 689 777 
1480 203 705 762 777 
1481 203 704 697 778 
1482 203 668 706 779 
1483 203 706 763 779 
1484 203 699 728 780 
1485 203 728 757 780 
1486 203 693 726 781 
1487 203 703 704 782 
1488 203 697 732 778 
1489 203 694 686 783 
1490 203 732 722 784 
1491 203 753 725 785 
1492 203 725 693 785 
1493 203 694 783 726 
1494 203 783 686 751 
1495 203 670 669 786 
1496 203 752 731 787 
1497 203 731 703 787 
1498 203 755 699 780 
1499 203 704 778 782 
1500 203 726 783 781 
1501 203 723 695 788 
1502 203 754 707 789 
1503 203 707 690 789 
1504 203 693 781 785 
1505 203 695 756 788 
1506 203 724 761 759 
1507 203 698 691 790 
1508 203 691 759 790 
1509 203 757 700 760 
1510 203 734 670 786 
1511 203 722 721 784 
1512 203 690 698 791 
1513 203 698 790 791 
1514 203 696 668 792 
1515 203 690 791 789 
1516 203 723 788 751 
1517 203 703 782 787 
1518 203 786 669 777 
1519 203 696 792 733 
1520 203 792 668 779 
1521 203 732 784 778 
1522 203 733 792 793 
1523 203 753 785 794 
1524 203 736 735 795 
1525 203 737 736 796 
1526 203 736 795 796 
1527 203 738 737 797 
1528 203 737 796 797 
1529 203 739 738 798 
1530 203 738 797 798 
1531 203 740 739 799 
1532 203 739 798 799 
1533 203 741 740 800 
1534 203 740 799 800 
1535 203 742 741 801 
1536 203 741 800 801 
1537 203 743 742 802 
1538 203 742 801 802 
1539 203 744 743 803 
1540 203 743 802 803 
1541 203 745 744 804 
1542 203 744 803 804 
1543 203 746 745 805 
1544 203 745 804 805 
1545 203 747 746 806 
1546 203 746 805 806 
1547 203 748 747 807 
1548 203 764 748 807 
1549 203 747 806 807 
1550 203 786 777 808 
1551 203 777 762 808 
1552 203 750 749 809 
1553 203 752 787 810 
1554 203 756 755 811 
1555 203 757 760 812 
1556 203 783 751 781 
1557 203 751 788 813 
1558 203 759 761 814 
1559 203 754 789 815 
1560 203 760 750 816 
1561 203 750 809 816 
1562 203 734 786 817 
1563 203 786 808 817 
1564 203 782 778 818 
1565 203 761 753 819 
1566 203 753 794 819 
1567 203 762 733 820 
1568 203 808 762 820 
1569 203 733 793 820 
1570 203 763 754 821 
1571 203 754 815 821 
1572 203 765 764 822 
1573 203 764 807 822 
1574 203 766 765 823 
1575 203 765 822 823 
1576 203 767 766 824 
1577 203 766 823 824 
1578 203 768 767 825 
1579 203 767 824 825 
1580 203 769 768 826 
1581 203 768 825 826 
1582 203 770 769 827 
1583 203 769 826 827 
1584 203 771 770 828 
1585 203 770 827 828 
1586 203 772 771 829 
1587 203 771 828 829 
1588 203 773 772 830 
1589 203 772 829 830 
1590 203 774 773 831 
1591 203 773 830 831 
1592 203 775 774 832 
1593 203 774 831 832 
1594 203 776 775 833 
1595 203 775 832 833 
1596 203 779 763 834 
1597 203 763 821 834 
1598 203 788 756 835 
1599 203 756 811 835 
1600 203 780 757 836 
1601 203 757 812 836 
1602 203 781 751 813 
1603 203 782 818 837 
1604 203 810 787 837 
1605 203 809 749 838 
1606 203 749 758 838 
1607 203 781 813 785 
1608 203 787 782 837 
1609 203 813 788 835 
1610 203 721 776 784 
1611 203 760 816 812 
1612 203 790 759 839 
1613 203 759 814 839 
1614 203 735 734 840 
1615 203 785 813 794 
1616 203 815 789 841 
1617 203 789 791 841 
1618 203 755 780 842 
1619 203 792 779 843 
1620 203 818 778 844 
1621 203 778 784 844 
1622 203 761 819 814 
1623 203 795 735 840 
1624 203 734 817 840 
1625 203 791 790 845 
1626 203 841 791 845 
1627 203 790 839 845 
1628 203 755 842 811 
1629 203 758 752 846 
1630 203 838 758 846 
1631 203 752 810 846 
1632 203 843 779 834 
1633 203 842 780 836 
1634 203 792 843 793 
1635 203 776 833 784 
1636 203 810 837 847 
1637 203 797 796 848 
1638 203 798 797 849 
1639 203 797 848 849 
1640 203 799 798 850 
1641 203 798 849 850 
1642 203 800 799 851 
1643 203 799 850 851 
1644 203 801 800 852 
1645 203 800 851 852 
1646 203 802 801 853 
1647 203 801 852 853 
1648 203 803 802 854 
1649 203 802 853 854 
1650 203 804 803 855 
1651 203 803 854 855 
1652 203 805 804 856 
1653 203 804 855 856 
1654 203 806 805 857 
1655 203 805 856 857 
1656 203 843 834 858 
1657 203 793 843 859 
1658 203 843 858 859 
1659 203 837 818 860 
1660 203 840 817 861 
1661 203 842 836 862 
1662 203 819 794 863 
1663 203 816 809 864 
1664 203 794 813 865 
1665 203 863 794 865 
1666 203 813 835 865 
1667 203 817 808 820 
1668 203 818 844 860 
1669 203 821 815 866 
1670 203 812 816 867 
1671 203 816 864 867 
1672 203 823 822 868 
1673 203 824 823 869 
1674 203 823 868 869 
1675 203 825 824 870 
1676 203 824 869 870 
1677 203 826 825 871 
1678 203 825 870 871 
1679 203 827 826 872 
1680 203 826 871 872 
1681 203 828 827 873 
1682 203 827 872 873 
1683 203 829 828 874 
1684 203 828 873 874 
1685 203 830 829 875 
1686 203 829 874 875 
1687 203 831 830 876 
1688 203 830 875 876 
1689 203 832 831 877 
1690 203 831 876 877 
1691 203 834 821 878 
1692 203 858 834 878 
1693 203 821 866 878 
1694 203 814 819 879 
1695 203 819 863 879 
1696 203 836 812 880 
1697 203 862 836 880 
1698 203 812 867 880 
1699 203 795 840 881 
1700 203 840 861 881 
1701 203 811 842 882 
1702 203 842 862 882 
1703 203 860 844 877 
1704 203 837 860 847 
1705 203 796 795 883 
1706 203 793 859 861 
1707 203 839 814 884 
1708 203 814 879 884 
1709 203 841 845 885 
1710 203 848 796 883 
1711 203 866 815 886 
1712 203 815 841 886 
1713 203 820 793 861 
1714 203 861 817 820 
1715 203 822 807 857 
1716 203 795 881 883 
1717 203 868 822 857 
1718 203 864 809 887 
1719 203 809 838 887 
1720 203 835 811 888 
1721 203 846 810 889 
1722 203 810 847 889 
1723 203 835 888 865 
1724 203 841 885 886 
1725 203 888 811 882 
1726 203 847 860 890 
1727 203 868 857 891 
1728 203 857 856 891 
1729 203 850 849 892 
1730 203 851 850 893 
1731 203 850 892 893 
1732 203 852 851 894 
1733 203 851 893 894 
1734 203 853 852 895 
1735 203 852 894 895 
1736 203 854 853 896 
1737 203 853 895 896 
1738 203 855 854 897 
1739 203 854 896 897 
1740 203 856 855 898 
1741 203 891 856 898 
1742 203 855 897 898 
1743 203 879 863 899 
1744 203 807 806 857 
1745 203 860 877 890 
1746 203 859 858 900 
1747 203 885 845 901 
1748 203 845 839 901 
1749 203 848 883 902 
1750 203 863 865 903 
1751 203 899 863 903 
1752 203 865 888 903 
1753 203 869 868 891 
1754 203 849 848 904 
1755 203 848 902 904 
1756 203 867 864 905 
1757 203 886 885 906 
1758 203 832 877 844 
1759 203 870 869 907 
1760 203 871 870 908 
1761 203 870 907 908 
1762 203 872 871 909 
1763 203 871 908 909 
1764 203 873 872 910 
1765 203 872 909 910 
1766 203 874 873 911 
1767 203 873 910 911 
1768 203 875 874 912 
1769 203 874 911 912 
1770 203 876 875 913 
1771 203 875 912 913 
1772 203 877 876 914 
1773 203 890 877 914 
1774 203 876 913 914 
1775 203 861 859 915 
1776 203 881 861 915 
1777 203 859 900 915 
1778 203 882 862 916 
1779 203 838 846 917 
1780 203 887 838 917 
1781 203 846 889 917 
1782 203 866 886 918 
1783 203 886 906 918 
1784 203 844 784 833 
1785 203 849 904 892 
1786 203 901 839 884 
1787 203 906 885 919 
1788 203 885 901 919 
1789 203 847 890 920 
1790 203 869 891 907 
1791 203 900 858 921 
1792 203 858 878 921 
1793 203 847 920 889 
1794 203 905 864 922 
1795 203 864 887 922 
1796 203 888 882 923 
1797 203 923 882 916 
1798 203 844 833 832 
1799 203 883 881 924 
1800 203 883 924 902 
1801 203 878 866 925 
1802 203 866 918 925 
1803 203 924 881 915 
1804 203 884 879 926 
1805 203 879 899 926 
1806 203 888 923 903 
1807 203 880 867 927 
1808 203 867 905 927 
1809 203 916 862 928 
1810 203 862 880 928 
1811 203 892 904 929 
1812 203 901 884 930 
1813 203 884 926 930 
1814 203 903 923 899 
1815 203 894 893 931 
1816 203 895 894 932 
1817 203 894 931 932 
1818 203 896 895 933 
1819 203 895 932 933 
1820 203 897 896 934 
1821 203 896 933 934 
1822 203 893 892 935 
1823 203 892 929 935 
1824 203 920 890 936 
1825 203 890 914 936 
1826 203 889 920 937 
1827 203 908 907 938 
1828 203 923 916 939 
1829 203 902 924 940 
1830 203 918 906 941 
1831 203 909 908 942 
1832 203 908 938 942 
1833 203 910 909 943 
1834 203 909 942 943 
1835 203 911 910 944 
1836 203 910 943 944 
1837 203 912 911 945 
1838 203 911 944 945 
1839 203 913 912 946 
1840 203 912 945 946 
1841 203 924 915 947 
1842 203 915 900 947 
1843 203 899 923 939 
1844 203 901 930 919 
1845 203 931 893 935 
1846 203 898 897 948 
1847 203 897 934 948 
1848 203 880 927 928 
1849 203 937 920 949 
1850 203 920 936 949 
1851 203 907 891 950 
1852 203 921 878 925 
1853 203 922 887 951 
1854 203 887 917 951 
1855 203 907 950 938 
1856 203 924 947 940 
1857 203 904 902 952 
1858 203 941 906 953 
1859 203 906 919 953 
1860 203 902 940 952 
1861 203 939 916 954 
1862 203 916 928 954 
1863 203 905 922 955 
1864 203 925 918 956 
1865 203 918 941 956 
1866 203 900 921 947 
1867 203 889 937 917 
1868 203 914 913 957 
1869 203 936 914 957 
1870 203 913 946 957 
1871 203 926 899 939 
1872 203 904 952 929 
1873 203 927 905 958 
1874 203 905 955 958 
1875 203 932 931 959 
1876 203 928 927 960 
1877 203 954 928 960 
1878 203 927 958 960 
1879 203 933 932 961 
1880 203 932 959 961 
1881 203 934 933 962 
1882 203 933 961 962 
1883 203 935 929 963 
1884 203 891 898 950 
1885 203 952 940 964 
1886 203 921 925 965 
1887 203 925 956 965 
1888 203 942 938 966 
1889 203 955 922 967 
1890 203 922 951 967 
1891 203 947 921 968 
1892 203 940 947 968 
1893 203 921 965 968 
1894 203 926 939 969 
1895 203 943 942 970 
1896 203 942 966 970 
1897 203 944 943 971 
1898 203 943 970 971 
1899 203 945 944 972 
1900 203 944 971 972 
1901 203 946 945 973 
1902 203 945 972 973 
1903 203 917 937 951 
1904 203 930 926 969 
1905 203 929 952 974 
1906 203 963 929 974 
1907 203 952 964 974 
1908 203 931 935 975 
1909 203 975 935 963 
1910 203 950 898 948 
1911 203 964 940 968 
1912 203 949 936 976 
1913 203 936 957 976 
1914 203 931 975 959 
1915 203 930 969 977 
1916 203 955 967 978 
1917 203 953 919 977 
1918 203 939 954 969 
1919 203 919 930 977 
1920 203 941 953 979 
1921 203 956 941 980 
1922 203 941 979 980 
1923 203 951 937 981 
1924 203 967 951 981 
1925 203 937 949 981 
1926 203 957 946 982 
1927 203 976 957 982 
1928 203 946 973 982 
1929 203 934 962 966 
1930 203 958 955 983 
1931 203 955 978 983 
1932 203 938 950 948 
1933 203 938 948 966 
1934 203 975 963 984 
1935 203 948 934 966 
1936 203 965 956 985 
1937 203 956 980 985 
1938 203 962 961 986 
1939 203 966 962 987 
1940 203 970 966 987 
1941 203 962 986 987 
1942 203 978 967 988 
1943 203 967 981 988 
1944 203 977 969 989 
1945 203 953 977 990 
1946 203 979 953 990 
1947 203 977 989 990 
1948 203 969 954 991 
1949 203 989 969 991 
1950 203 954 960 991 
1951 203 964 968 965 
1952 203 971 970 992 
1953 203 970 987 992 
1954 203 972 971 993 
1955 203 971 992 993 
1956 203 973 972 994 
1957 203 972 993 994 
1958 203 959 975 995 
1959 203 975 984 995 
1960 203 964 965 985 
1961 203 986 961 996 
1962 203 961 959 996 
1963 203 959 995 996 
1964 203 982 973 997 
1965 203 973 994 997 
1966 203 979 990 998 
1967 203 964 985 974 
1968 203 984 963 999 
1969 203 963 974 999 
1970 203 980 979 1000 
1971 203 979 998 1000 
1972 203 978 988 1001 
1973 203 981 949 1002 
1974 203 988 981 1002 
1975 203 949 976 1002 
1976 203 983 978 1003 
1977 203 978 1001 1003 
1978 203 960 958 1004 
1979 203 958 983 1004 
1980 203 987 986 1005 
1981 203 992 987 1005 
1982 203 986 996 1005 
1983 203 990 989 1006 
1984 203 998 990 1006 
1985 203 989 991 1006 
1986 203 974 985 999 
1987 203 1001 988 1007 
1988 203 996 995 1008 
1989 203 985 980 1009 
1990 203 999 985 1009 
1991 203 980 1000 1009 
1992 203 993 992 1010 
1993 203 994 993 1011 
1994 203 993 1010 1011 
1995 203 976 982 1012 
1996 203 1002 976 1012 
1997 203 982 997 1012 
1998 203 997 994 1013 
1999 203 994 1011 1013 
2000 203 1010 992 1005 
2001 203 1008 995 1014 
2002 203 995 984 1014 
2003 203 1007 988 1002 
2004 203 1000 998 1015 
2005 203 996 1008 1005 
2006 203 960 1004 991 
2007 203 1003 1001 1016 
2008 203 1004 983 1017 
2009 203 983 1003 1017 
2010 203 984 999 1018 
2011 203 1014 984 1018 
2012 203 999 1009 1018 
2013 203 998 1006 1019 
2014 203 1015 998 1019 
2015 203 1019 1006 1017 
2016 203 1006 991 1017 
2017 203 1000 1015 1009 
2018 203 1016 1001 1020 
2019 203 1011 1010 1021 
2020 203 1008 1014 1022 
2021 203 1015 1019 1023 
2022 203 1020 1001 1007 
2023 203 1016 1020 1024 
2024 203 1023 1019 1017 
2025 203 1009 1015 1018 
2026 203 1016 1024 1025 
2027 203 1005 1008 1026 
2028 203 1017 1003 1023 
2029 203 1018 1015 1027 
2030 203 1014 1018 1027 
2031 203 1015 1023 1027 
2032 203 1008 1022 1026 
2033 203 1010 1005 1026 
2034 203 1007 1002 1012 
2035 203 991 1004 1017 
2036 203 1022 1014 1027 
2037 203 1003 1016 1023 
2038 203 1010 1026 1021 
2039 203 1007 1012 997 
2040 203 1013 1011 1021 
2041 203 1022 1027 1025 
2042 203 1025 1024 1022 
2043 203 1007 997 1013 
2044 203 1020 1007 1013 
2045 203 1025 1027 1023 
2046 203 1023 1016 1025 
2047 203 1022 1024 1026 
2048 203 1020 1013 1021 
2049 203 1024 1020 1021 
2050 203 1021 1026 1024 
